rh.aparc.meancurv	rh_bankssts_meancurv	rh_caudalanteriorcingulate_meancurv	rh_caudalmiddlefrontal_meancurv	rh_cuneus_meancurv	rh_entorhinal_meancurv	rh_fusiform_meancurv	rh_inferiorparietal_meancurv	rh_inferiortemporal_meancurv	rh_isthmuscingulate_meancurv	rh_lateraloccipital_meancurv	rh_lateralorbitofrontal_meancurv	rh_lingual_meancurv	rh_medialorbitofrontal_meancurv	rh_middletemporal_meancurv	rh_parahippocampal_meancurv	rh_paracentral_meancurv	rh_parsopercularis_meancurv	rh_parsorbitalis_meancurv	rh_parstriangularis_meancurv	rh_pericalcarine_meancurv	rh_postcentral_meancurv	rh_posteriorcingulate_meancurv	rh_precentral_meancurv	rh_precuneus_meancurv	rh_rostralanteriorcingulate_meancurv	rh_rostralmiddlefrontal_meancurv	rh_superiorfrontal_meancurv	rh_superiorparietal_meancurv	rh_superiortemporal_meancurv	rh_supramarginal_meancurv	rh_frontalpole_meancurv	rh_temporalpole_meancurv	rh_transversetemporal_meancurv	rh_insula_meancurv	BrainSegVolNotVent	eTIV
F_BPS_02	0.097	0.12	0.113	0.14	0.083	0.119	0.121	0.122	0.12	0.133	0.128	0.146	0.129	0.114	0.088	0.112	0.118	0.142	0.116	0.131	0.115	0.133	0.109	0.126	0.14	0.133	0.124	0.123	0.099	0.122	0.174	0.125	0.12	0.118	1085504.0	1276142.665277
F_BPS_03	0.083	0.14	0.119	0.137	0.117	0.141	0.126	0.128	0.132	0.141	0.152	0.155	0.146	0.12	0.09	0.12	0.119	0.147	0.118	0.126	0.112	0.138	0.112	0.136	0.139	0.141	0.129	0.127	0.1	0.124	0.184	0.133	0.105	0.125	898262.0	1367831.401666
F_BPS_04	0.106	0.133	0.112	0.15	0.09	0.125	0.126	0.134	0.117	0.148	0.143	0.142	0.135	0.119	0.069	0.103	0.124	0.143	0.122	0.127	0.095	0.125	0.097	0.121	0.123	0.141	0.118	0.131	0.096	0.126	0.156	0.132	0.102	0.113	994680.0	1397150.944669
F_BPS_05	0.094	0.127	0.111	0.142	0.112	0.116	0.116	0.129	0.122	0.14	0.125	0.139	0.142	0.107	0.095	0.114	0.12	0.164	0.12	0.134	0.103	0.13	0.104	0.125	0.126	0.137	0.122	0.124	0.103	0.12	0.175	0.132	0.091	0.118	1203295.0	1633517.728451
F_BPS_07	0.101	0.131	0.113	0.13	0.106	0.122	0.117	0.126	0.131	0.13	0.157	0.14	0.135	0.122	0.081	0.101	0.124	0.145	0.13	0.124	0.105	0.132	0.108	0.112	0.108	0.129	0.117	0.113	0.099	0.123	0.175	0.113	0.102	0.114	980742.0	1503722.438119
F_BPS_08	0.079	0.109	0.119	0.127	0.128	0.13	0.117	0.114	0.109	0.127	0.138	0.134	0.128	0.113	0.102	0.099	0.099	0.162	0.122	0.122	0.1	0.141	0.101	0.121	0.122	0.127	0.118	0.116	0.098	0.113	0.148	0.14	0.079	0.129	951568.0	1360181.585334
F_BPS_12	0.087	0.122	0.112	0.134	0.118	0.124	0.122	0.124	0.117	0.135	0.149	0.139	0.142	0.125	0.101	0.11	0.12	0.152	0.128	0.13	0.105	0.124	0.109	0.118	0.132	0.136	0.125	0.117	0.106	0.114	0.179	0.132	0.101	0.122	1079848.0	1581207.755035
F_BPS_13	0.093	0.138	0.108	0.153	0.108	0.118	0.13	0.115	0.123	0.137	0.139	0.137	0.143	0.125	0.088	0.111	0.107	0.145	0.114	0.129	0.104	0.128	0.108	0.124	0.083	0.141	0.12	0.129	0.101	0.125	0.174	0.144	0.093	0.119	1000597.0	1294601.124291
F_BPS_14	0.123	0.12	0.12	0.144	0.123	0.122	0.124	0.133	0.133	0.14	0.152	0.143	0.137	0.13	0.095	0.116	0.122	0.172	0.127	0.126	0.12	0.132	0.118	0.128	0.132	0.141	0.122	0.122	0.111	0.119	0.211	0.129	0.109	0.11	1024291.0	1581144.723876
F_BPS_15	0.085	0.122	0.117	0.146	0.125	0.121	0.128	0.127	0.126	0.141	0.139	0.141	0.134	0.124	0.086	0.129	0.129	0.169	0.137	0.144	0.109	0.136	0.116	0.124	0.14	0.141	0.124	0.122	0.109	0.126	0.156	0.15	0.114	0.131	1079774.0	1501881.644372
F_BPS_16	0.096	0.147	0.112	0.153	0.102	0.119	0.128	0.123	0.127	0.137	0.135	0.143	0.127	0.125	0.095	0.105	0.116	0.148	0.134	0.131	0.107	0.137	0.111	0.125	0.164	0.133	0.112	0.118	0.107	0.116	0.193	0.13	0.098	0.117	1244075.0	1642988.618894
F_BPS_19	0.088	0.116	0.123	0.131	0.095	0.136	0.119	0.123	0.118	0.142	0.144	0.147	0.139	0.115	0.098	0.098	0.113	0.158	0.13	0.14	0.11	0.115	0.106	0.126	0.12	0.132	0.118	0.123	0.1	0.113	0.185	0.137	0.109	0.112	1008483.0	1470031.620581
F_BPS_21	0.095	0.127	0.105	0.132	0.117	0.122	0.121	0.119	0.111	0.146	0.137	0.139	0.125	0.125	0.096	0.106	0.099	0.143	0.119	0.133	0.106	0.131	0.104	0.126	0.137	0.139	0.125	0.122	0.105	0.119	0.167	0.146	0.133	0.122	999152.0	1070867.016935
F_BPS_23	0.106	0.137	0.111	0.145	0.119	0.125	0.117	0.128	0.119	0.136	0.131	0.138	0.135	0.121	0.092	0.11	0.128	0.138	0.119	0.145	0.103	0.133	0.107	0.119	0.145	0.138	0.128	0.121	0.107	0.125	0.182	0.145	0.127	0.11	1040504.0	1237443.195265
F_BPS_24	0.106	0.12	0.124	0.132	0.129	0.126	0.125	0.124	0.118	0.131	0.154	0.144	0.135	0.113	0.099	0.105	0.11	0.137	0.119	0.136	0.114	0.131	0.107	0.124	0.145	0.135	0.121	0.123	0.098	0.118	0.183	0.156	0.117	0.119	1155820.0	1597377.709125
F_BPS_33	0.107	0.128	0.114	0.148	0.115	0.122	0.126	0.136	0.127	0.138	0.144	0.141	0.133	0.132	0.087	0.116	0.122	0.153	0.134	0.129	0.132	0.143	0.115	0.132	0.134	0.143	0.13	0.119	0.113	0.127	0.175	0.156	0.135	0.113	1055225.0	1370728.824023
F_BPS_34	0.097	0.126	0.104	0.141	0.127	0.125	0.121	0.128	0.121	0.142	0.135	0.137	0.136	0.118	0.089	0.108	0.113	0.132	0.122	0.122	0.103	0.126	0.105	0.122	0.143	0.134	0.116	0.126	0.11	0.119	0.192	0.139	0.123	0.103	1068078.0	1525085.591924
F_BPS_35	0.11	0.105	0.128	0.173	0.138	0.139	0.145	0.151	0.123	0.153	0.155	0.162	0.153	0.141	0.087	0.141	0.116	0.159	0.145	0.145	0.13	0.143	0.144	0.139	0.079	0.148	0.147	0.14	0.116	0.141	0.209	0.155	0.127	0.126	1064887.0	1641162.729851
F_BPS_37	0.1	0.136	0.11	0.158	0.087	0.118	0.131	0.12	0.136	0.139	0.14	0.152	0.132	0.109	0.083	0.096	0.111	0.149	0.138	0.159	0.109	0.118	0.115	0.126	0.147	0.147	0.123	0.123	0.097	0.126	0.198	0.116	0.125	0.113	1039134.0	1360369.542719
F_BPS_38	0.105	0.139	0.108	0.131	0.08	0.127	0.126	0.14	0.12	0.139	0.136	0.141	0.139	0.12	0.086	0.102	0.12	0.143	0.124	0.151	0.114	0.146	0.109	0.127	0.141	0.146	0.121	0.118	0.107	0.127	0.168	0.137	0.105	0.116	916880.0	1269618.835883
F_BPS_45	0.107	0.135	0.122	0.149	0.125	0.12	0.121	0.128	0.129	0.135	0.153	0.135	0.128	0.128	0.095	0.117	0.127	0.147	0.137	0.12	0.112	0.149	0.112	0.124	0.125	0.145	0.127	0.118	0.104	0.119	0.15	0.144	0.117	0.114	1020959.0	1460947.661991
F_BPS_46	0.1	0.136	0.133	0.132	0.143	0.124	0.125	0.126	0.125	0.141	0.143	0.141	0.13	0.127	0.088	0.115	0.119	0.163	0.137	0.156	0.115	0.139	0.122	0.132	0.143	0.145	0.133	0.127	0.114	0.117	0.18	0.139	0.128	0.122	1124514.0	1526696.863521
F_BPS_47	0.087	0.103	0.111	0.14	0.112	0.122	0.116	0.125	0.134	0.145	0.138	0.135	0.12	0.116	0.089	0.097	0.115	0.146	0.13	0.128	0.112	0.113	0.103	0.113	0.126	0.14	0.117	0.112	0.09	0.113	0.166	0.136	0.103	0.123	1063198.0	1417546.790436
F_BPS_48	0.101	0.115	0.123	0.139	0.097	0.133	0.133	0.128	0.133	0.144	0.144	0.142	0.144	0.126	0.09	0.112	0.131	0.164	0.132	0.142	0.114	0.136	0.114	0.126	0.14	0.15	0.126	0.132	0.098	0.134	0.203	0.153	0.096	0.121	972176.0	1322136.999757
F_BPS_49	0.1	0.122	0.112	0.158	0.131	0.13	0.128	0.134	0.115	0.145	0.145	0.14	0.134	0.119	0.094	0.115	0.128	0.15	0.142	0.141	0.098	0.132	0.118	0.121	0.125	0.144	0.125	0.134	0.099	0.127	0.212	0.135	0.124	0.121	983028.0	1488454.032554
F_BPS_51	0.099	0.113	0.111	0.137	0.108	0.117	0.122	0.126	0.131	0.139	0.139	0.142	0.131	0.122	0.084	0.092	0.127	0.152	0.138	0.144	0.099	0.125	0.106	0.121	0.13	0.132	0.117	0.116	0.109	0.121	0.177	0.127	0.12	0.114	1218801.0	1651155.045506
F_BPS_52	0.081	0.125	0.118	0.134	0.094	0.124	0.132	0.132	0.12	0.14	0.148	0.135	0.134	0.118	0.091	0.102	0.109	0.149	0.141	0.143	0.104	0.124	0.117	0.131	0.131	0.139	0.131	0.125	0.112	0.122	0.226	0.166	0.11	0.113	904679.0	1278429.336722
F_BPS_53	0.111	0.145	0.109	0.132	0.127	0.128	0.127	0.127	0.134	0.129	0.144	0.146	0.143	0.114	0.092	0.113	0.118	0.145	0.116	0.126	0.097	0.123	0.11	0.125	0.139	0.133	0.125	0.121	0.095	0.116	0.184	0.136	0.122	0.114	981554.0	1242378.114276
F_BPS_54	0.091	0.142	0.112	0.151	0.112	0.138	0.127	0.119	0.129	0.142	0.143	0.137	0.12	0.127	0.089	0.108	0.13	0.158	0.134	0.137	0.103	0.136	0.12	0.135	0.116	0.142	0.12	0.126	0.102	0.123	0.183	0.137	0.127	0.118	1061001.0	1445968.475039
F_BPS_55	0.085	0.126	0.124	0.14	0.084	0.121	0.127	0.139	0.121	0.14	0.141	0.148	0.136	0.122	0.078	0.113	0.122	0.138	0.132	0.137	0.11	0.13	0.117	0.133	0.137	0.138	0.123	0.118	0.11	0.118	0.15	0.135	0.117	0.12	1013091.0	1502880.25435
F_BPS_56	0.09	0.121	0.114	0.129	0.11	0.139	0.122	0.131	0.136	0.136	0.143	0.14	0.132	0.118	0.099	0.103	0.116	0.161	0.128	0.137	0.116	0.126	0.112	0.124	0.128	0.143	0.123	0.11	0.103	0.121	0.168	0.154	0.127	0.118	1073085.0	1475423.293168
F_BPS_57	0.105	0.127	0.124	0.14	0.108	0.124	0.128	0.125	0.131	0.142	0.134	0.144	0.125	0.122	0.108	0.117	0.126	0.153	0.136	0.111	0.119	0.135	0.118	0.124	0.122	0.143	0.125	0.127	0.107	0.118	0.168	0.134	0.111	0.133	1008331.0	1334132.651305
F_BPS_59	0.101	0.123	0.114	0.143	0.144	0.126	0.122	0.127	0.118	0.138	0.154	0.147	0.149	0.112	0.087	0.104	0.106	0.135	0.131	0.138	0.101	0.135	0.123	0.121	0.115	0.154	0.122	0.123	0.104	0.121	0.185	0.14	0.093	0.118	1026373.0	1475722.006298
F_BPS_60	0.089	0.126	0.113	0.129	0.106	0.124	0.121	0.134	0.119	0.136	0.138	0.138	0.13	0.113	0.105	0.107	0.111	0.145	0.122	0.123	0.102	0.119	0.107	0.118	0.136	0.151	0.121	0.113	0.106	0.113	0.196	0.155	0.128	0.114	1147354.0	1574970.701761
F_BPS_61	0.109	0.115	0.116	0.139	0.126	0.132	0.126	0.128	0.12	0.138	0.138	0.138	0.122	0.127	0.089	0.11	0.112	0.146	0.126	0.138	0.112	0.139	0.115	0.123	0.131	0.13	0.121	0.122	0.099	0.12	0.157	0.134	0.134	0.126	1042550.0	1371614.697944
F_BPS_62	0.089	0.11	0.125	0.129	0.123	0.125	0.132	0.117	0.123	0.148	0.142	0.136	0.131	0.128	0.089	0.1	0.116	0.142	0.125	0.138	0.104	0.129	0.107	0.123	0.114	0.137	0.119	0.126	0.105	0.122	0.192	0.12	0.105	0.117	964029.0	1409835.330378
F_BPS_64	0.078	0.126	0.101	0.131	0.113	0.125	0.126	0.119	0.121	0.142	0.135	0.146	0.13	0.112	0.08	0.092	0.119	0.128	0.129	0.137	0.106	0.118	0.105	0.118	0.118	0.134	0.118	0.119	0.099	0.117	0.187	0.126	0.105	0.115	1027903.0	1364403.748523
F_BPS_65	0.098	0.114	0.112	0.123	0.117	0.112	0.118	0.121	0.114	0.131	0.133	0.131	0.131	0.111	0.088	0.102	0.112	0.15	0.122	0.121	0.106	0.117	0.12	0.111	0.116	0.134	0.112	0.112	0.097	0.121	0.169	0.122	0.099	0.11	1408421.0	1945127.536445
F_BPS_66	0.092	0.113	0.123	0.141	0.113	0.135	0.119	0.137	0.134	0.133	0.141	0.143	0.132	0.116	0.095	0.107	0.115	0.148	0.123	0.148	0.108	0.135	0.121	0.118	0.13	0.132	0.127	0.117	0.102	0.118	0.169	0.14	0.116	0.127	1058445.0	1444793.126947
F_BPS_67	0.101	0.11	0.114	0.132	0.099	0.119	0.122	0.125	0.133	0.141	0.132	0.142	0.127	0.129	0.1	0.101	0.126	0.156	0.121	0.11	0.113	0.126	0.111	0.121	0.138	0.132	0.123	0.121	0.106	0.122	0.178	0.129	0.111	0.112	1008738.0	1354120.417081
F_BPS_69	0.103	0.112	0.122	0.129	0.131	0.126	0.131	0.131	0.118	0.14	0.131	0.133	0.119	0.124	0.098	0.105	0.116	0.144	0.131	0.126	0.108	0.122	0.111	0.125	0.129	0.145	0.121	0.117	0.109	0.12	0.168	0.152	0.116	0.124	1066567.0	1380422.307505
F_BPS_70	0.1	0.14	0.112	0.155	0.098	0.124	0.129	0.132	0.136	0.147	0.147	0.148	0.13	0.111	0.1	0.117	0.129	0.157	0.141	0.142	0.112	0.118	0.113	0.129	0.132	0.143	0.133	0.123	0.108	0.121	0.163	0.13	0.131	0.131	964610.0	1241567.784043
F_BPS_71	0.12	0.14	0.097	0.151	0.11	0.131	0.121	0.134	0.115	0.138	0.131	0.143	0.133	0.115	0.099	0.114	0.111	0.155	0.112	0.134	0.114	0.135	0.108	0.123	0.111	0.125	0.113	0.127	0.097	0.124	0.174	0.136	0.133	0.126	1029201.0	1393241.939356
F_BPS_74	0.101	0.102	0.117	0.15	0.102	0.122	0.124	0.134	0.125	0.141	0.131	0.139	0.143	0.114	0.097	0.106	0.114	0.161	0.139	0.15	0.114	0.13	0.11	0.13	0.118	0.146	0.134	0.122	0.098	0.124	0.194	0.141	0.115	0.129	1194463.0	1720383.735402
F_BPS_75	0.082	0.13	0.109	0.148	0.093	0.125	0.128	0.126	0.118	0.147	0.133	0.141	0.141	0.129	0.085	0.116	0.114	0.155	0.131	0.13	0.105	0.142	0.106	0.118	0.135	0.15	0.12	0.118	0.101	0.127	0.16	0.135	0.118	0.109	885222.0	1060945.582048
F_BPS_76	0.111	0.128	0.121	0.142	0.145	0.131	0.128	0.136	0.121	0.138	0.14	0.14	0.149	0.134	0.086	0.114	0.12	0.168	0.136	0.133	0.121	0.122	0.119	0.122	0.147	0.153	0.131	0.126	0.108	0.126	0.185	0.126	0.129	0.12	1076553.0	1499259.271777
F_BPS_77	0.122	0.122	0.117	0.134	0.121	0.122	0.132	0.135	0.127	0.138	0.141	0.14	0.132	0.117	0.104	0.106	0.118	0.173	0.12	0.14	0.111	0.127	0.105	0.122	0.138	0.138	0.135	0.125	0.099	0.123	0.175	0.138	0.115	0.129	1031805.0	1205122.160895
F_BPS_78	0.108	0.1	0.128	0.153	0.129	0.12	0.13	0.128	0.127	0.133	0.141	0.133	0.129	0.111	0.096	0.111	0.124	0.155	0.123	0.137	0.118	0.139	0.118	0.129	0.117	0.14	0.125	0.118	0.097	0.107	0.153	0.142	0.148	0.13	1145423.0	1537386.23477
F_BPS_79	0.105	0.129	0.117	0.148	0.094	0.13	0.123	0.135	0.142	0.144	0.149	0.148	0.129	0.115	0.109	0.115	0.123	0.152	0.128	0.143	0.123	0.127	0.111	0.136	0.138	0.148	0.124	0.126	0.104	0.12	0.178	0.157	0.108	0.114	965498.0	1281962.286637
F_BPS_80	0.087	0.12	0.104	0.129	0.1	0.122	0.126	0.139	0.115	0.137	0.133	0.143	0.121	0.122	0.073	0.111	0.123	0.148	0.142	0.125	0.118	0.133	0.109	0.118	0.13	0.132	0.126	0.113	0.111	0.121	0.168	0.143	0.135	0.114	907038.0	907267.9702
F_BPS_81	0.104	0.133	0.112	0.149	0.1	0.116	0.129	0.126	0.118	0.135	0.135	0.137	0.135	0.111	0.086	0.093	0.106	0.145	0.121	0.126	0.116	0.113	0.108	0.122	0.127	0.133	0.121	0.129	0.108	0.127	0.177	0.141	0.129	0.119	1021368.0	1379611.787916
F_BPS_83	0.095	0.128	0.117	0.148	0.1	0.115	0.14	0.132	0.142	0.148	0.16	0.143	0.138	0.126	0.08	0.113	0.117	0.136	0.119	0.131	0.117	0.149	0.11	0.133	0.111	0.145	0.13	0.123	0.098	0.128	0.191	0.14	0.108	0.123	926022.0	1278941.702092
F_BPS_84	0.093	0.132	0.118	0.128	0.102	0.116	0.125	0.127	0.122	0.126	0.134	0.124	0.131	0.117	0.076	0.097	0.117	0.152	0.143	0.14	0.096	0.122	0.108	0.122	0.118	0.134	0.124	0.119	0.094	0.124	0.171	0.129	0.102	0.121	1097654.0	1381528.502928
F_BPS_87	0.099	0.128	0.11	0.145	0.115	0.12	0.118	0.129	0.112	0.132	0.136	0.14	0.128	0.12	0.086	0.11	0.12	0.162	0.124	0.133	0.11	0.123	0.108	0.128	0.135	0.139	0.123	0.117	0.11	0.115	0.178	0.125	0.093	0.107	1082652.0	1462426.454393
F_BPS_88	0.089	0.103	0.109	0.155	0.144	0.121	0.12	0.131	0.121	0.139	0.127	0.146	0.128	0.118	0.108	0.114	0.104	0.15	0.109	0.137	0.105	0.153	0.106	0.129	0.134	0.133	0.12	0.123	0.106	0.12	0.18	0.153	0.112	0.109	1287173.0	1810910.340698
F_BPS_89	0.117	0.119	0.123	0.137	0.116	0.118	0.123	0.127	0.123	0.14	0.142	0.142	0.131	0.121	0.085	0.115	0.118	0.152	0.122	0.129	0.111	0.108	0.115	0.123	0.121	0.132	0.12	0.122	0.115	0.115	0.155	0.147	0.122	0.108	1191513.0	1733094.882974
F_BPS_90	0.092	0.116	0.114	0.141	0.098	0.126	0.128	0.12	0.127	0.137	0.146	0.131	0.134	0.118	0.081	0.098	0.116	0.146	0.128	0.137	0.105	0.133	0.101	0.122	0.135	0.14	0.122	0.122	0.097	0.119	0.188	0.139	0.131	0.117	1138370.0	1582187.831953
F_BPS_91	0.086	0.116	0.109	0.146	0.098	0.125	0.127	0.128	0.129	0.139	0.147	0.146	0.138	0.112	0.093	0.111	0.116	0.167	0.125	0.142	0.107	0.14	0.109	0.125	0.128	0.139	0.12	0.125	0.092	0.117	0.173	0.136	0.106	0.115	956748.0	1005983.031175
F_BPS_92	0.105	0.109	0.118	0.159	0.102	0.116	0.121	0.117	0.119	0.133	0.134	0.145	0.129	0.117	0.085	0.11	0.104	0.159	0.117	0.132	0.114	0.126	0.107	0.123	0.097	0.133	0.125	0.118	0.113	0.112	0.19	0.137	0.114	0.125	1284292.0	1679251.635662
F_BPS_93	0.083	0.116	0.103	0.136	0.098	0.136	0.114	0.13	0.127	0.131	0.135	0.131	0.123	0.106	0.091	0.104	0.109	0.152	0.121	0.127	0.104	0.124	0.115	0.115	0.109	0.134	0.124	0.12	0.097	0.115	0.174	0.153	0.094	0.119	1105037.0	1186276.187795
F_BPS_94	0.098	0.104	0.108	0.141	0.114	0.124	0.128	0.126	0.121	0.135	0.129	0.14	0.123	0.124	0.097	0.102	0.114	0.149	0.124	0.119	0.105	0.134	0.104	0.125	0.116	0.144	0.116	0.116	0.096	0.115	0.174	0.127	0.095	0.104	1008303.0	1384097.932653
F_BPS_96	0.098	0.114	0.108	0.128	0.118	0.133	0.123	0.119	0.118	0.138	0.125	0.148	0.128	0.111	0.105	0.092	0.115	0.137	0.125	0.132	0.099	0.119	0.106	0.114	0.127	0.131	0.112	0.119	0.109	0.117	0.186	0.128	0.108	0.111	1163156.0	1496188.648071
F_BPS_97	0.09	0.106	0.114	0.136	0.082	0.122	0.124	0.116	0.115	0.138	0.133	0.136	0.125	0.109	0.082	0.099	0.123	0.141	0.131	0.135	0.105	0.122	0.104	0.125	0.113	0.138	0.114	0.117	0.101	0.12	0.169	0.115	0.128	0.111	1042548.0	1343548.286768
F_BPS_98	0.109	0.118	0.116	0.138	0.107	0.132	0.131	0.126	0.129	0.143	0.137	0.144	0.131	0.12	0.096	0.106	0.125	0.159	0.138	0.149	0.1	0.113	0.102	0.122	0.09	0.147	0.125	0.117	0.101	0.119	0.19	0.138	0.11	0.112	944574.0	1269548.017754
F_BPS_99	0.072	0.129	0.11	0.14	0.097	0.128	0.123	0.128	0.119	0.129	0.164	0.138	0.138	0.117	0.086	0.101	0.112	0.153	0.131	0.108	0.099	0.122	0.099	0.127	0.138	0.15	0.123	0.116	0.092	0.108	0.173	0.129	0.102	0.122	938790.0	1332058.6162
F_BPS_101	0.108	0.111	0.12	0.152	0.152	0.14	0.127	0.132	0.125	0.142	0.154	0.153	0.134	0.124	0.083	0.113	0.121	0.169	0.138	0.142	0.115	0.112	0.116	0.129	0.135	0.148	0.125	0.123	0.104	0.129	0.177	0.141	0.119	0.113	960370.0	1088308.480611
F_BPS_102	0.108	0.133	0.119	0.145	0.126	0.126	0.138	0.127	0.131	0.137	0.133	0.135	0.144	0.11	0.098	0.107	0.119	0.159	0.126	0.13	0.113	0.129	0.11	0.128	0.137	0.139	0.12	0.128	0.099	0.131	0.179	0.123	0.123	0.131	1020370.0	1565212.261952
F_BPS_103	0.087	0.141	0.107	0.132	0.101	0.12	0.133	0.121	0.112	0.131	0.139	0.139	0.124	0.119	0.094	0.122	0.102	0.144	0.117	0.127	0.117	0.129	0.106	0.122	0.121	0.125	0.116	0.125	0.097	0.11	0.171	0.118	0.1	0.103	903506.0	1257476.273197
F_BPS_104	0.083	0.107	0.107	0.144	0.113	0.127	0.128	0.126	0.13	0.147	0.153	0.145	0.127	0.125	0.087	0.116	0.125	0.162	0.13	0.141	0.108	0.143	0.105	0.131	0.162	0.144	0.129	0.124	0.093	0.125	0.186	0.159	0.122	0.125	1067397.0	1508487.773201
F_BPS_105	0.102	0.14	0.121	0.139	0.085	0.127	0.132	0.139	0.135	0.139	0.157	0.145	0.121	0.129	0.082	0.099	0.129	0.151	0.141	0.126	0.102	0.139	0.112	0.121	0.127	0.137	0.128	0.12	0.104	0.129	0.198	0.154	0.12	0.124	909253.0	1249690.678317
F_BPS_107	0.09	0.117	0.107	0.133	0.093	0.116	0.126	0.128	0.121	0.131	0.142	0.14	0.124	0.11	0.09	0.094	0.11	0.139	0.125	0.141	0.11	0.125	0.111	0.126	0.14	0.127	0.122	0.128	0.086	0.128	0.158	0.123	0.095	0.126	1099152.0	1400440.42563
F_CD_01	0.104	0.135	0.115	0.13	0.084	0.13	0.132	0.126	0.128	0.14	0.145	0.151	0.125	0.132	0.078	0.113	0.12	0.155	0.13	0.126	0.134	0.128	0.115	0.125	0.146	0.134	0.118	0.126	0.104	0.119	0.17	0.143	0.108	0.118	1056569.0	1484053.955212
F_CD_02	0.121	0.115	0.123	0.154	0.085	0.125	0.118	0.141	0.126	0.136	0.134	0.147	0.124	0.113	0.081	0.097	0.108	0.135	0.123	0.135	0.096	0.14	0.107	0.128	0.131	0.136	0.123	0.123	0.096	0.129	0.182	0.13	0.096	0.117	974403.0	1413522.009671
F_CD_04	0.099	0.128	0.107	0.144	0.099	0.115	0.12	0.127	0.129	0.132	0.129	0.142	0.122	0.116	0.094	0.104	0.109	0.133	0.11	0.169	0.116	0.125	0.113	0.122	0.135	0.138	0.123	0.121	0.11	0.128	0.193	0.134	0.098	0.127	1038134.0	1003789.792523
F_CD_05	0.106	0.121	0.115	0.152	0.095	0.121	0.128	0.13	0.121	0.139	0.134	0.153	0.132	0.127	0.087	0.105	0.12	0.172	0.132	0.15	0.112	0.121	0.106	0.125	0.135	0.137	0.119	0.119	0.102	0.125	0.173	0.132	0.122	0.114	1062997.0	1365862.857754
F_CD_06	0.113	0.119	0.114	0.144	0.095	0.123	0.13	0.126	0.13	0.143	0.144	0.148	0.133	0.126	0.084	0.105	0.123	0.14	0.13	0.131	0.113	0.119	0.106	0.123	0.141	0.142	0.122	0.121	0.104	0.131	0.189	0.157	0.1	0.117	1210044.0	1562815.654156
F_CD_08	0.087	0.141	0.104	0.144	0.104	0.122	0.124	0.134	0.123	0.143	0.135	0.138	0.138	0.129	0.079	0.097	0.106	0.154	0.132	0.133	0.1	0.143	0.103	0.122	0.105	0.132	0.118	0.131	0.096	0.119	0.198	0.143	0.118	0.108	973421.0	1299315.384545
F_CD_09	0.109	0.128	0.112	0.144	0.086	0.109	0.119	0.121	0.124	0.13	0.125	0.142	0.119	0.123	0.071	0.118	0.117	0.129	0.117	0.139	0.109	0.128	0.118	0.116	0.132	0.14	0.121	0.122	0.107	0.117	0.179	0.139	0.119	0.119	1274725.0	1465327.339918
F_CD_10	0.097	0.12	0.106	0.138	0.114	0.124	0.122	0.128	0.118	0.129	0.144	0.138	0.124	0.123	0.089	0.093	0.118	0.161	0.151	0.141	0.113	0.116	0.104	0.119	0.137	0.142	0.119	0.113	0.107	0.115	0.191	0.133	0.093	0.109	1077202.0	1389126.930246
F_CD_11	0.101	0.119	0.132	0.152	0.108	0.126	0.122	0.14	0.123	0.154	0.144	0.146	0.132	0.131	0.095	0.125	0.126	0.173	0.123	0.152	0.127	0.125	0.126	0.128	0.14	0.144	0.131	0.133	0.117	0.128	0.203	0.152	0.125	0.137	1147015.0	1787065.529294
F_CD_12	0.1	0.123	0.12	0.135	0.107	0.127	0.134	0.132	0.122	0.141	0.147	0.138	0.126	0.124	0.1	0.106	0.117	0.148	0.128	0.122	0.108	0.134	0.112	0.118	0.138	0.142	0.126	0.12	0.104	0.121	0.188	0.136	0.127	0.123	1179341.0	1690073.735793
F_CD_13	0.09	0.123	0.119	0.149	0.101	0.136	0.125	0.12	0.122	0.137	0.14	0.136	0.132	0.117	0.103	0.1	0.12	0.166	0.137	0.11	0.106	0.121	0.102	0.127	0.123	0.135	0.115	0.117	0.095	0.133	0.173	0.104	0.128	0.109	862632.0	934949.894247
F_CD_14	0.114	0.12	0.107	0.148	0.119	0.124	0.123	0.124	0.123	0.147	0.133	0.159	0.128	0.128	0.091	0.106	0.109	0.122	0.133	0.133	0.117	0.126	0.103	0.128	0.129	0.143	0.122	0.125	0.113	0.116	0.172	0.12	0.128	0.122	1062299.0	1407841.62677
F_CD_16	0.091	0.119	0.108	0.157	0.119	0.127	0.122	0.126	0.123	0.142	0.138	0.142	0.129	0.126	0.092	0.105	0.107	0.15	0.135	0.143	0.1	0.134	0.104	0.118	0.127	0.123	0.114	0.119	0.105	0.113	0.197	0.138	0.121	0.111	991376.0	1069596.294341
F_CD_17	0.111	0.114	0.113	0.154	0.107	0.135	0.126	0.13	0.134	0.135	0.141	0.139	0.134	0.121	0.086	0.111	0.112	0.158	0.139	0.127	0.113	0.131	0.105	0.126	0.127	0.141	0.129	0.123	0.104	0.123	0.195	0.15	0.132	0.114	894172.0	1133124.331286
F_CD_19	0.099	0.111	0.116	0.131	0.126	0.121	0.123	0.137	0.121	0.128	0.14	0.123	0.126	0.124	0.084	0.11	0.109	0.159	0.112	0.122	0.104	0.124	0.107	0.116	0.132	0.133	0.14	0.118	0.098	0.112	0.182	0.136	0.117	0.117	1069423.0	1658861.002011
F_CD_20	0.106	0.113	0.121	0.146	0.111	0.125	0.12	0.123	0.127	0.134	0.153	0.139	0.135	0.12	0.093	0.103	0.127	0.141	0.121	0.126	0.11	0.128	0.115	0.124	0.157	0.143	0.125	0.116	0.115	0.126	0.198	0.128	0.109	0.122	1156515.0	1616164.83288
F_CD_21	0.11	0.134	0.117	0.146	0.138	0.124	0.125	0.132	0.126	0.146	0.134	0.142	0.125	0.116	0.091	0.111	0.118	0.141	0.121	0.126	0.109	0.111	0.109	0.129	0.14	0.138	0.122	0.119	0.105	0.126	0.174	0.131	0.113	0.112	1124703.0	1536564.154113
F_CD_22	0.099	0.126	0.112	0.135	0.102	0.131	0.118	0.12	0.121	0.143	0.148	0.132	0.126	0.115	0.098	0.102	0.108	0.139	0.118	0.129	0.103	0.138	0.102	0.127	0.115	0.134	0.115	0.123	0.095	0.118	0.176	0.13	0.114	0.119	1166435.0	1459290.963068
F_CD_25	0.107	0.131	0.111	0.145	0.098	0.121	0.12	0.132	0.135	0.141	0.141	0.142	0.124	0.128	0.095	0.111	0.123	0.145	0.125	0.146	0.106	0.137	0.106	0.122	0.138	0.142	0.122	0.121	0.107	0.12	0.168	0.138	0.112	0.122	1191913.0	1504121.456355
F_CD_26	0.1	0.117	0.107	0.146	0.109	0.115	0.118	0.118	0.125	0.129	0.121	0.137	0.114	0.118	0.088	0.093	0.11	0.148	0.112	0.131	0.112	0.126	0.111	0.122	0.114	0.135	0.112	0.118	0.094	0.113	0.159	0.133	0.114	0.111	1236962.0	1659392.107151
F_CD_27	0.097	0.112	0.111	0.135	0.101	0.119	0.12	0.122	0.115	0.142	0.139	0.139	0.118	0.114	0.089	0.111	0.113	0.136	0.124	0.136	0.096	0.121	0.101	0.119	0.121	0.128	0.115	0.115	0.095	0.123	0.143	0.143	0.099	0.117	1114790.0	1653785.628941
F_CD_28	0.093	0.116	0.096	0.143	0.097	0.111	0.125	0.133	0.119	0.139	0.128	0.131	0.129	0.132	0.103	0.114	0.113	0.146	0.14	0.127	0.109	0.128	0.109	0.121	0.122	0.128	0.116	0.121	0.102	0.121	0.153	0.128	0.106	0.115	1069490.0	1612878.949375
F_CD_29	0.09	0.131	0.111	0.146	0.128	0.121	0.123	0.115	0.114	0.134	0.139	0.139	0.123	0.112	0.09	0.103	0.116	0.149	0.108	0.134	0.11	0.132	0.103	0.125	0.108	0.127	0.115	0.115	0.096	0.112	0.153	0.132	0.121	0.123	1257036.0	1633498.134535
F_CD_30	0.111	0.129	0.109	0.144	0.142	0.13	0.127	0.133	0.117	0.141	0.131	0.142	0.129	0.117	0.094	0.1	0.122	0.161	0.136	0.141	0.111	0.124	0.103	0.124	0.14	0.134	0.126	0.126	0.105	0.119	0.204	0.121	0.093	0.123	1058567.0	1291709.820214
F_CD_31	0.112	0.138	0.107	0.142	0.13	0.132	0.118	0.142	0.133	0.15	0.132	0.142	0.14	0.134	0.096	0.104	0.118	0.155	0.136	0.12	0.125	0.132	0.117	0.128	0.141	0.145	0.121	0.123	0.125	0.123	0.193	0.161	0.11	0.12	1101620.0	1521567.302024
F_CD_32	0.112	0.12	0.114	0.143	0.104	0.126	0.125	0.139	0.124	0.137	0.136	0.14	0.112	0.118	0.085	0.119	0.121	0.155	0.123	0.135	0.104	0.136	0.113	0.129	0.15	0.141	0.118	0.121	0.096	0.113	0.197	0.122	0.098	0.126	1035197.0	1421833.27125
F_CD_35	0.097	0.131	0.111	0.161	0.108	0.119	0.122	0.126	0.129	0.135	0.136	0.142	0.119	0.118	0.076	0.106	0.115	0.15	0.124	0.135	0.11	0.139	0.108	0.125	0.144	0.141	0.127	0.129	0.103	0.12	0.186	0.147	0.128	0.123	1137072.0	1165017.017072
F_CD_36	0.108	0.123	0.121	0.152	0.102	0.13	0.122	0.125	0.119	0.145	0.132	0.136	0.127	0.118	0.083	0.107	0.117	0.144	0.121	0.133	0.102	0.142	0.107	0.114	0.112	0.141	0.124	0.121	0.104	0.124	0.198	0.155	0.113	0.119	1019232.0	1114684.251289
F_CD_37	0.11	0.134	0.122	0.138	0.121	0.13	0.121	0.132	0.12	0.137	0.147	0.142	0.131	0.115	0.105	0.105	0.111	0.145	0.14	0.144	0.116	0.125	0.111	0.121	0.147	0.141	0.124	0.12	0.102	0.119	0.166	0.156	0.102	0.118	988763.0	1133354.664589
F_CD_38	0.113	0.113	0.122	0.163	0.133	0.128	0.138	0.138	0.13	0.159	0.149	0.145	0.132	0.126	0.09	0.11	0.128	0.168	0.138	0.158	0.106	0.131	0.117	0.13	0.138	0.15	0.127	0.128	0.115	0.117	0.188	0.159	0.117	0.12	1298485.0	1439862.844446
F_CD_39	0.125	0.144	0.116	0.164	0.114	0.13	0.13	0.122	0.135	0.15	0.142	0.14	0.146	0.123	0.101	0.114	0.118	0.147	0.12	0.145	0.113	0.142	0.113	0.134	0.132	0.146	0.131	0.133	0.108	0.117	0.203	0.143	0.126	0.114	1036637.0	1307530.153229
F_CD_40	0.11	0.129	0.111	0.148	0.118	0.129	0.127	0.132	0.12	0.142	0.135	0.139	0.135	0.119	0.078	0.101	0.122	0.144	0.113	0.151	0.104	0.126	0.107	0.126	0.142	0.139	0.121	0.124	0.108	0.117	0.172	0.134	0.092	0.127	1081944.0	1417784.639614
F_HCC_01	0.105	0.131	0.11	0.145	0.121	0.136	0.119	0.134	0.124	0.14	0.146	0.152	0.126	0.127	0.11	0.107	0.122	0.147	0.152	0.126	0.111	0.13	0.109	0.128	0.136	0.143	0.164	0.124	0.111	0.121	0.179	0.146	0.127	0.142	1088312.0	1587770.647652
F_HCC_02	0.106	0.115	0.112	0.154	0.118	0.121	0.129	0.134	0.134	0.147	0.145	0.157	0.134	0.126	0.096	0.119	0.114	0.152	0.131	0.16	0.12	0.129	0.113	0.126	0.126	0.135	0.12	0.137	0.121	0.129	0.188	0.138	0.142	0.116	1197168.0	1539718.917702
F_HCC_03	0.102	0.119	0.101	0.146	0.107	0.121	0.127	0.124	0.117	0.141	0.131	0.144	0.129	0.118	0.085	0.121	0.123	0.133	0.123	0.136	0.105	0.129	0.107	0.12	0.128	0.135	0.12	0.127	0.096	0.12	0.161	0.15	0.124	0.117	1156524.0	1512233.704631
F_HCC_04	0.105	0.131	0.106	0.149	0.092	0.124	0.113	0.132	0.121	0.133	0.132	0.14	0.122	0.127	0.073	0.109	0.118	0.143	0.125	0.132	0.107	0.117	0.108	0.121	0.117	0.14	0.118	0.116	0.093	0.115	0.164	0.122	0.098	0.112	1096337.0	1596506.457817
F_HCC_05	0.095	0.134	0.116	0.141	0.096	0.132	0.142	0.15	0.126	0.134	0.155	0.134	0.126	0.128	0.091	0.096	0.133	0.176	0.128	0.122	0.104	0.13	0.11	0.129	0.147	0.147	0.126	0.121	0.108	0.113	0.185	0.145	0.116	0.112	874133.0	1261379.955885
F_HCC_06	0.101	0.11	0.127	0.146	0.135	0.123	0.126	0.13	0.124	0.143	0.142	0.139	0.126	0.117	0.087	0.115	0.118	0.145	0.121	0.13	0.112	0.137	0.113	0.125	0.121	0.132	0.122	0.125	0.099	0.124	0.191	0.134	0.144	0.13	1249429.0	1716335.641027
F_HCC_07	0.086	0.128	0.113	0.136	0.087	0.131	0.121	0.119	0.119	0.135	0.132	0.14	0.131	0.121	0.084	0.115	0.098	0.138	0.123	0.128	0.095	0.134	0.099	0.119	0.142	0.14	0.119	0.112	0.096	0.115	0.183	0.119	0.1	0.105	1045071.0	1518447.607231
F_HCC_08	0.104	0.129	0.119	0.133	0.09	0.117	0.131	0.13	0.129	0.135	0.14	0.144	0.136	0.12	0.084	0.115	0.118	0.144	0.129	0.142	0.117	0.122	0.109	0.127	0.132	0.136	0.121	0.126	0.095	0.127	0.158	0.149	0.097	0.115	1014739.0	1374898.594195
F_HCC_09	0.11	0.123	0.127	0.142	0.118	0.122	0.126	0.125	0.129	0.133	0.137	0.155	0.137	0.119	0.088	0.12	0.112	0.143	0.12	0.154	0.124	0.144	0.124	0.129	0.139	0.148	0.131	0.117	0.102	0.124	0.205	0.124	0.089	0.118	924944.0	1281363.398682
F_HCC_10	0.106	0.13	0.115	0.134	0.114	0.123	0.134	0.131	0.128	0.144	0.154	0.142	0.133	0.118	0.096	0.106	0.126	0.141	0.136	0.147	0.121	0.11	0.119	0.122	0.143	0.134	0.126	0.119	0.11	0.118	0.181	0.148	0.114	0.114	987641.0	1418696.806258
F_HCC_11	0.116	0.125	0.111	0.136	0.105	0.124	0.118	0.135	0.12	0.139	0.139	0.139	0.129	0.121	0.097	0.111	0.112	0.14	0.129	0.147	0.111	0.135	0.118	0.119	0.112	0.136	0.12	0.123	0.107	0.123	0.156	0.136	0.117	0.119	1072682.0	1466323.700698
F_HCC_12	0.09	0.127	0.113	0.13	0.1	0.125	0.124	0.12	0.114	0.134	0.128	0.127	0.124	0.111	0.089	0.1	0.103	0.148	0.124	0.117	0.097	0.112	0.1	0.121	0.145	0.134	0.12	0.119	0.103	0.121	0.157	0.146	0.115	0.107	1113734.0	1402512.263172
F_HCC_13	0.115	0.124	0.092	0.136	0.102	0.123	0.125	0.137	0.114	0.14	0.147	0.146	0.13	0.119	0.083	0.1	0.123	0.138	0.128	0.125	0.117	0.136	0.103	0.118	0.147	0.131	0.109	0.116	0.104	0.12	0.166	0.129	0.106	0.118	1016467.0	1528130.473391
F_HCC_14	0.109	0.12	0.12	0.13	0.107	0.127	0.122	0.124	0.107	0.132	0.137	0.137	0.123	0.119	0.089	0.107	0.112	0.137	0.132	0.129	0.105	0.132	0.109	0.12	0.135	0.129	0.117	0.115	0.109	0.118	0.175	0.129	0.135	0.113	1178111.0	1229524.295291
F_HCC_15	0.107	0.11	0.121	0.137	0.102	0.121	0.122	0.14	0.131	0.14	0.14	0.149	0.128	0.127	0.088	0.117	0.122	0.146	0.113	0.13	0.105	0.122	0.113	0.12	0.132	0.151	0.13	0.117	0.107	0.117	0.192	0.149	0.119	0.121	1192845.0	1693316.474299
F_HCC_16	0.099	0.137	0.119	0.141	0.111	0.137	0.14	0.13	0.11	0.143	0.132	0.149	0.137	0.124	0.131	0.11	0.119	0.16	0.128	0.136	0.111	0.151	0.11	0.126	0.135	0.16	0.13	0.129	0.109	0.127	0.2	0.14	0.095	0.113	834188.0	1162230.168564
F_HCC_18	0.094	0.129	0.117	0.132	0.121	0.121	0.126	0.133	0.128	0.132	0.151	0.139	0.13	0.124	0.094	0.121	0.123	0.164	0.14	0.146	0.117	0.13	0.124	0.126	0.125	0.138	0.127	0.126	0.098	0.117	0.148	0.146	0.107	0.117	977283.0	1428842.637768
F_HCC_19	0.107	0.13	0.109	0.136	0.1	0.131	0.125	0.132	0.117	0.126	0.126	0.132	0.13	0.128	0.097	0.105	0.106	0.154	0.128	0.125	0.1	0.124	0.107	0.121	0.13	0.134	0.119	0.11	0.106	0.12	0.162	0.152	0.101	0.11	953991.0	1292853.641947
F_HCC_20	0.096	0.109	0.104	0.139	0.094	0.125	0.121	0.125	0.126	0.139	0.136	0.135	0.135	0.121	0.079	0.113	0.115	0.142	0.127	0.146	0.1	0.127	0.102	0.127	0.116	0.14	0.115	0.108	0.099	0.12	0.171	0.124	0.125	0.135	1010143.0	1249802.500328
F_HCC_21	0.108	0.13	0.111	0.145	0.118	0.135	0.125	0.12	0.111	0.145	0.141	0.139	0.127	0.127	0.094	0.102	0.102	0.143	0.126	0.151	0.104	0.132	0.113	0.122	0.134	0.138	0.118	0.128	0.109	0.115	0.157	0.133	0.089	0.114	1093151.0	1265215.180947
F_HCC_22	0.091	0.135	0.104	0.151	0.13	0.133	0.137	0.132	0.132	0.147	0.141	0.161	0.142	0.137	0.097	0.099	0.12	0.142	0.124	0.153	0.107	0.145	0.112	0.127	0.129	0.149	0.132	0.132	0.114	0.13	0.199	0.138	0.114	0.132	984242.0	1018384.160098
F_HCC_23	0.086	0.122	0.116	0.142	0.098	0.117	0.123	0.123	0.122	0.138	0.134	0.131	0.138	0.118	0.086	0.102	0.115	0.147	0.122	0.136	0.103	0.133	0.109	0.124	0.129	0.133	0.124	0.12	0.103	0.12	0.189	0.138	0.11	0.125	1065579.0	1496461.159112
F_HCC_25	0.099	0.128	0.119	0.127	0.134	0.126	0.126	0.134	0.129	0.139	0.142	0.145	0.152	0.124	0.079	0.12	0.11	0.144	0.15	0.125	0.115	0.136	0.108	0.136	0.119	0.151	0.12	0.124	0.104	0.123	0.178	0.123	0.103	0.113	1071199.0	1538885.646242
F_HCC_26	0.108	0.112	0.118	0.146	0.123	0.134	0.124	0.138	0.112	0.145	0.148	0.14	0.142	0.134	0.099	0.12	0.128	0.16	0.125	0.129	0.12	0.126	0.122	0.121	0.123	0.15	0.136	0.129	0.119	0.126	0.213	0.154	0.093	0.13	957530.0	1220364.789682
F_HCC_27	0.092	0.125	0.113	0.138	0.126	0.12	0.129	0.124	0.111	0.139	0.135	0.132	0.13	0.117	0.085	0.101	0.105	0.146	0.123	0.128	0.104	0.114	0.109	0.115	0.128	0.136	0.117	0.116	0.099	0.121	0.169	0.119	0.116	0.124	1232872.0	1635763.853201
F_HCC_28	0.111	0.128	0.11	0.148	0.116	0.128	0.118	0.129	0.114	0.142	0.138	0.139	0.13	0.127	0.088	0.123	0.129	0.145	0.135	0.14	0.108	0.128	0.115	0.129	0.136	0.128	0.13	0.126	0.121	0.124	0.167	0.14	0.101	0.123	1149257.0	1638424.100891
F_HCC_29	0.099	0.112	0.123	0.145	0.102	0.12	0.125	0.131	0.123	0.139	0.138	0.148	0.145	0.127	0.092	0.117	0.109	0.147	0.125	0.132	0.111	0.134	0.118	0.12	0.147	0.135	0.125	0.123	0.106	0.115	0.149	0.137	0.141	0.122	1151120.0	1568761.123706
F_HCC_30	0.106	0.126	0.12	0.153	0.107	0.129	0.128	0.129	0.138	0.15	0.148	0.15	0.128	0.128	0.08	0.096	0.114	0.155	0.142	0.146	0.109	0.134	0.11	0.126	0.145	0.139	0.124	0.12	0.111	0.124	0.182	0.129	0.104	0.125	1016118.0	1345090.637507
F_HCC_31	0.097	0.132	0.12	0.135	0.093	0.121	0.129	0.132	0.118	0.142	0.149	0.146	0.153	0.123	0.088	0.099	0.118	0.164	0.119	0.137	0.107	0.128	0.108	0.126	0.136	0.145	0.124	0.126	0.103	0.122	0.163	0.145	0.119	0.102	957072.0	1315051.908459
F_HCC_32	0.118	0.102	0.118	0.137	0.108	0.125	0.123	0.14	0.136	0.138	0.149	0.135	0.143	0.12	0.087	0.114	0.118	0.151	0.133	0.139	0.108	0.143	0.112	0.124	0.114	0.141	0.124	0.127	0.097	0.13	0.18	0.166	0.122	0.118	1055110.0	1416861.974952
F_HCC_34	0.088	0.138	0.113	0.137	0.098	0.118	0.119	0.118	0.119	0.139	0.132	0.137	0.14	0.117	0.075	0.112	0.115	0.134	0.133	0.142	0.096	0.132	0.108	0.121	0.146	0.14	0.118	0.118	0.094	0.117	0.187	0.127	0.113	0.117	994141.0	1443640.475301
F_HCC_35	0.104	0.121	0.116	0.144	0.077	0.12	0.133	0.138	0.122	0.138	0.133	0.147	0.134	0.134	0.074	0.102	0.123	0.148	0.124	0.138	0.106	0.135	0.107	0.139	0.149	0.137	0.124	0.123	0.11	0.131	0.207	0.14	0.113	0.124	1117435.0	1405505.810365
F_HCC_36	0.117	0.119	0.109	0.137	0.097	0.122	0.132	0.143	0.138	0.15	0.13	0.142	0.133	0.126	0.073	0.093	0.112	0.137	0.137	0.142	0.107	0.132	0.104	0.125	0.123	0.137	0.119	0.127	0.101	0.127	0.176	0.13	0.116	0.119	1034002.0	1562916.991817
F_HCC_37	0.111	0.141	0.107	0.126	0.119	0.128	0.126	0.129	0.122	0.132	0.137	0.135	0.131	0.123	0.092	0.102	0.116	0.155	0.13	0.118	0.111	0.134	0.111	0.116	0.135	0.139	0.124	0.119	0.103	0.127	0.17	0.159	0.139	0.116	1185837.0	1627497.001725
F_HCC_38	0.091	0.145	0.12	0.155	0.111	0.127	0.128	0.14	0.131	0.143	0.148	0.152	0.127	0.131	0.084	0.119	0.116	0.143	0.128	0.151	0.113	0.138	0.108	0.129	0.122	0.136	0.128	0.121	0.11	0.124	0.193	0.111	0.129	0.115	1112859.0	1304808.160895
F_HCC_39	0.112	0.138	0.118	0.129	0.101	0.121	0.122	0.124	0.115	0.135	0.134	0.142	0.118	0.122	0.085	0.102	0.123	0.157	0.118	0.123	0.116	0.127	0.113	0.124	0.129	0.138	0.121	0.124	0.113	0.123	0.179	0.125	0.114	0.116	1034088.0	1415676.05335
F_HCC_40	0.095	0.119	0.113	0.128	0.086	0.13	0.122	0.136	0.129	0.143	0.145	0.136	0.129	0.133	0.082	0.106	0.116	0.137	0.111	0.127	0.107	0.135	0.105	0.12	0.166	0.149	0.126	0.111	0.092	0.122	0.179	0.142	0.11	0.126	1050174.0	1380925.879885
F_HCC_41	0.108	0.114	0.103	0.136	0.097	0.118	0.116	0.127	0.119	0.131	0.14	0.131	0.124	0.111	0.079	0.094	0.098	0.146	0.129	0.113	0.093	0.117	0.104	0.111	0.156	0.128	0.114	0.115	0.082	0.113	0.165	0.104	0.102	0.106	973588.0	1461607.917994
F_HCC_42	0.122	0.123	0.115	0.133	0.127	0.121	0.122	0.131	0.127	0.137	0.148	0.136	0.138	0.125	0.079	0.106	0.129	0.145	0.127	0.122	0.118	0.124	0.112	0.123	0.13	0.137	0.128	0.12	0.096	0.121	0.164	0.13	0.098	0.11	921101.0	1279381.557112
F_HCC_46	0.094	0.124	0.109	0.133	0.09	0.126	0.114	0.129	0.127	0.124	0.141	0.129	0.136	0.112	0.09	0.096	0.116	0.149	0.124	0.135	0.098	0.132	0.107	0.122	0.126	0.138	0.122	0.112	0.093	0.116	0.18	0.129	0.119	0.105	1060799.0	1547708.159287
F_HCC_47	0.082	0.119	0.122	0.121	0.149	0.123	0.119	0.119	0.126	0.132	0.142	0.131	0.128	0.109	0.111	0.105	0.12	0.154	0.118	0.13	0.105	0.123	0.116	0.117	0.133	0.147	0.122	0.117	0.109	0.122	0.171	0.147	0.142	0.118	1146715.0	1560830.41593
F_HCC_48	0.093	0.121	0.113	0.135	0.145	0.123	0.118	0.125	0.121	0.127	0.141	0.134	0.142	0.116	0.1	0.103	0.128	0.145	0.128	0.137	0.106	0.134	0.117	0.121	0.127	0.145	0.125	0.113	0.102	0.111	0.175	0.145	0.104	0.127	1153299.0	1595830.617509
F_HCC_49	0.087	0.131	0.125	0.13	0.107	0.13	0.123	0.131	0.123	0.135	0.141	0.139	0.136	0.12	0.088	0.113	0.119	0.152	0.124	0.134	0.105	0.128	0.112	0.121	0.145	0.14	0.125	0.116	0.107	0.12	0.192	0.145	0.113	0.124	1092345.0	1083533.775505
F_HCC_50	0.112	0.128	0.109	0.143	0.112	0.128	0.123	0.132	0.12	0.146	0.128	0.14	0.125	0.128	0.084	0.115	0.117	0.159	0.126	0.149	0.108	0.123	0.113	0.116	0.134	0.131	0.118	0.124	0.11	0.114	0.135	0.152	0.109	0.123	1319940.0	1755467.267071
F_HCC_51	0.116	0.124	0.124	0.127	0.093	0.128	0.12	0.126	0.124	0.128	0.146	0.138	0.126	0.121	0.089	0.105	0.13	0.142	0.125	0.126	0.105	0.126	0.111	0.12	0.142	0.141	0.124	0.118	0.1	0.127	0.158	0.147	0.125	0.119	908459.0	1208262.310678
F_HCC_52	0.087	0.116	0.118	0.134	0.123	0.118	0.123	0.124	0.138	0.133	0.136	0.144	0.128	0.11	0.087	0.12	0.116	0.122	0.124	0.141	0.116	0.122	0.122	0.122	0.138	0.132	0.123	0.12	0.098	0.119	0.16	0.12	0.107	0.123	1172264.0	1592707.841192
F_HCC_53	0.102	0.115	0.118	0.143	0.106	0.125	0.123	0.127	0.136	0.135	0.136	0.142	0.142	0.114	0.08	0.094	0.113	0.155	0.116	0.129	0.103	0.147	0.105	0.124	0.162	0.14	0.12	0.125	0.096	0.122	0.211	0.146	0.109	0.11	1151821.0	1684343.962513
F_HCC_54	0.078	0.128	0.121	0.148	0.106	0.131	0.139	0.139	0.139	0.15	0.14	0.145	0.134	0.121	0.105	0.111	0.118	0.158	0.136	0.144	0.111	0.138	0.118	0.128	0.152	0.14	0.127	0.12	0.115	0.122	0.172	0.166	0.145	0.127	916912.0	1247666.247603
F_HCC_55	0.092	0.138	0.114	0.136	0.117	0.118	0.122	0.124	0.125	0.137	0.126	0.132	0.129	0.117	0.088	0.101	0.104	0.126	0.116	0.124	0.108	0.14	0.111	0.118	0.121	0.141	0.124	0.122	0.101	0.115	0.176	0.135	0.102	0.11	1143572.0	1590326.795272
F_HCC_57	0.096	0.131	0.13	0.138	0.117	0.134	0.131	0.128	0.14	0.137	0.135	0.141	0.124	0.128	0.119	0.11	0.104	0.146	0.122	0.125	0.117	0.13	0.113	0.132	0.138	0.147	0.119	0.128	0.11	0.119	0.18	0.142	0.14	0.126	1021317.0	1229954.970846
F_HCC_60	0.103	0.104	0.101	0.138	0.125	0.124	0.121	0.122	0.127	0.133	0.137	0.14	0.122	0.114	0.1	0.102	0.114	0.152	0.129	0.14	0.106	0.129	0.1	0.118	0.127	0.123	0.117	0.113	0.1	0.119	0.173	0.151	0.102	0.118	1173249.0	1595182.598056
F_HCC_61	0.092	0.125	0.125	0.145	0.114	0.12	0.126	0.132	0.111	0.135	0.141	0.143	0.129	0.122	0.077	0.108	0.122	0.139	0.128	0.126	0.109	0.126	0.117	0.127	0.156	0.133	0.126	0.12	0.102	0.119	0.183	0.129	0.128	0.129	1209058.0	1739842.937941
F_HCC_62	0.114	0.146	0.117	0.13	0.112	0.133	0.126	0.125	0.116	0.137	0.145	0.148	0.132	0.125	0.096	0.124	0.126	0.144	0.132	0.152	0.127	0.13	0.113	0.125	0.139	0.145	0.119	0.125	0.109	0.122	0.179	0.146	0.138	0.128	1119911.0	1457772.726299
F_HCC_63	0.097	0.127	0.107	0.146	0.109	0.131	0.126	0.119	0.123	0.138	0.143	0.152	0.122	0.122	0.081	0.111	0.115	0.149	0.119	0.155	0.113	0.142	0.11	0.127	0.138	0.134	0.12	0.119	0.105	0.121	0.149	0.139	0.115	0.113	965918.0	1141246.643888
F_HCC_64	0.116	0.104	0.118	0.146	0.099	0.12	0.122	0.124	0.129	0.14	0.146	0.143	0.127	0.129	0.079	0.101	0.103	0.147	0.13	0.137	0.103	0.126	0.107	0.113	0.137	0.135	0.12	0.116	0.107	0.117	0.165	0.124	0.089	0.11	1021286.0	1320532.516555
F_HCC_65	0.11	0.125	0.111	0.144	0.098	0.118	0.126	0.133	0.126	0.133	0.135	0.139	0.124	0.123	0.08	0.109	0.127	0.134	0.116	0.133	0.112	0.123	0.106	0.132	0.147	0.139	0.122	0.117	0.116	0.118	0.167	0.127	0.083	0.119	1187988.0	1602456.315234
F_HCC_66	0.106	0.114	0.109	0.127	0.105	0.133	0.121	0.12	0.132	0.14	0.138	0.132	0.126	0.115	0.077	0.105	0.113	0.132	0.131	0.135	0.107	0.124	0.108	0.123	0.115	0.138	0.118	0.122	0.105	0.132	0.164	0.129	0.104	0.115	1048948.0	1204254.073443
F_HCC_67	0.108	0.126	0.113	0.144	0.126	0.121	0.112	0.124	0.126	0.141	0.151	0.144	0.132	0.119	0.091	0.119	0.112	0.133	0.127	0.124	0.106	0.136	0.112	0.127	0.126	0.133	0.122	0.114	0.106	0.122	0.18	0.149	0.115	0.112	1104787.0	1566716.600498
F_HCC_68	0.103	0.115	0.108	0.134	0.125	0.108	0.125	0.121	0.111	0.13	0.134	0.144	0.126	0.117	0.088	0.098	0.106	0.148	0.113	0.142	0.104	0.123	0.105	0.119	0.125	0.134	0.119	0.123	0.102	0.118	0.163	0.137	0.094	0.111	1479067.0	1882985.854063
F_HCC_69	0.116	0.131	0.121	0.148	0.115	0.132	0.142	0.137	0.137	0.141	0.158	0.153	0.137	0.135	0.08	0.121	0.134	0.177	0.157	0.143	0.127	0.141	0.122	0.136	0.146	0.165	0.134	0.132	0.122	0.136	0.191	0.14	0.134	0.125	954306.0	1298831.368432
F_HCC_70	0.101	0.117	0.121	0.131	0.12	0.121	0.121	0.14	0.125	0.14	0.145	0.136	0.142	0.126	0.086	0.098	0.125	0.154	0.129	0.132	0.112	0.12	0.105	0.12	0.119	0.138	0.124	0.109	0.111	0.121	0.171	0.151	0.1	0.116	1127086.0	1629624.527493
F_HCC_71	0.109	0.128	0.118	0.137	0.099	0.12	0.125	0.139	0.121	0.13	0.147	0.143	0.128	0.112	0.07	0.093	0.104	0.142	0.129	0.155	0.108	0.124	0.121	0.114	0.152	0.139	0.121	0.12	0.093	0.118	0.155	0.134	0.138	0.115	1036103.0	1388469.292346
F_HCC_72	0.106	0.117	0.111	0.142	0.099	0.13	0.137	0.125	0.134	0.146	0.143	0.146	0.13	0.123	0.081	0.111	0.126	0.14	0.136	0.129	0.107	0.133	0.114	0.128	0.12	0.145	0.126	0.127	0.101	0.123	0.158	0.139	0.119	0.134	1002314.0	1050427.493402
F_HCC_73	0.108	0.115	0.114	0.142	0.097	0.126	0.122	0.119	0.118	0.138	0.135	0.141	0.139	0.116	0.089	0.105	0.106	0.138	0.124	0.137	0.113	0.126	0.111	0.116	0.131	0.139	0.127	0.117	0.097	0.127	0.169	0.138	0.141	0.118	1075078.0	1331880.028369
F_HCC_74	0.096	0.114	0.117	0.139	0.112	0.131	0.124	0.122	0.133	0.132	0.151	0.15	0.145	0.119	0.086	0.101	0.119	0.128	0.137	0.126	0.11	0.13	0.123	0.125	0.151	0.147	0.122	0.121	0.099	0.127	0.162	0.123	0.124	0.113	954642.0	1249914.246752
F_HCC_75	0.105	0.124	0.106	0.139	0.11	0.123	0.12	0.128	0.122	0.127	0.14	0.136	0.116	0.125	0.085	0.098	0.101	0.143	0.114	0.125	0.103	0.125	0.102	0.127	0.127	0.136	0.113	0.111	0.103	0.117	0.156	0.128	0.123	0.121	1173202.0	1588514.563009
F_HCC_76	0.108	0.102	0.114	0.145	0.098	0.117	0.119	0.143	0.127	0.137	0.15	0.138	0.134	0.12	0.074	0.111	0.119	0.15	0.138	0.139	0.109	0.131	0.113	0.129	0.133	0.134	0.125	0.116	0.11	0.122	0.175	0.15	0.1	0.11	1154882.0	1508939.481512
F_HCC_77	0.106	0.109	0.115	0.148	0.129	0.113	0.118	0.12	0.129	0.137	0.137	0.139	0.12	0.122	0.086	0.11	0.112	0.141	0.119	0.125	0.106	0.124	0.108	0.12	0.125	0.137	0.12	0.116	0.1	0.123	0.167	0.118	0.099	0.122	1185461.0	1623903.950025
F_HCC_80	0.082	0.125	0.13	0.129	0.107	0.129	0.128	0.131	0.122	0.137	0.134	0.137	0.132	0.125	0.087	0.111	0.12	0.147	0.137	0.137	0.118	0.136	0.132	0.117	0.131	0.137	0.128	0.116	0.117	0.121	0.152	0.152	0.106	0.124	974179.0	1294781.241167
F_HCC_81	0.086	0.128	0.109	0.132	0.123	0.133	0.115	0.124	0.122	0.139	0.145	0.131	0.138	0.116	0.083	0.095	0.121	0.147	0.127	0.106	0.101	0.125	0.112	0.127	0.149	0.135	0.114	0.11	0.115	0.112	0.186	0.146	0.117	0.123	1089096.0	1618998.37212
F_HCC_82	0.1	0.139	0.118	0.148	0.123	0.128	0.119	0.127	0.115	0.135	0.138	0.139	0.131	0.122	0.09	0.104	0.112	0.138	0.134	0.136	0.108	0.127	0.11	0.12	0.151	0.144	0.121	0.114	0.098	0.115	0.17	0.124	0.114	0.106	1018796.0	1204284.690532
F_HCC_83	0.098	0.117	0.122	0.142	0.101	0.126	0.122	0.134	0.109	0.138	0.144	0.137	0.137	0.13	0.092	0.11	0.129	0.138	0.144	0.136	0.102	0.126	0.11	0.125	0.12	0.136	0.121	0.127	0.109	0.118	0.157	0.147	0.104	0.118	1201558.0	1659716.866945
F_HCC_84	0.098	0.118	0.115	0.137	0.106	0.118	0.123	0.133	0.121	0.131	0.125	0.131	0.126	0.117	0.077	0.11	0.109	0.146	0.124	0.126	0.105	0.133	0.104	0.119	0.115	0.138	0.12	0.113	0.099	0.117	0.164	0.127	0.114	0.117	1203203.0	1697692.982262
F_HCC_85	0.099	0.111	0.119	0.151	0.099	0.124	0.129	0.126	0.127	0.152	0.149	0.145	0.135	0.117	0.084	0.109	0.111	0.159	0.132	0.145	0.114	0.14	0.116	0.122	0.133	0.148	0.127	0.128	0.099	0.123	0.201	0.125	0.105	0.123	1007536.0	1336373.782086
F_HCC_87	0.097	0.126	0.105	0.144	0.101	0.12	0.12	0.123	0.121	0.141	0.132	0.137	0.125	0.117	0.09	0.096	0.115	0.127	0.119	0.147	0.106	0.136	0.106	0.128	0.121	0.127	0.116	0.116	0.095	0.119	0.169	0.109	0.109	0.107	1098535.0	1325788.001945
F_HCC_88	0.102	0.125	0.112	0.124	0.122	0.115	0.121	0.123	0.118	0.131	0.136	0.122	0.136	0.118	0.075	0.091	0.127	0.14	0.118	0.127	0.099	0.116	0.108	0.116	0.121	0.134	0.121	0.114	0.1	0.115	0.166	0.155	0.097	0.114	995541.0	1397567.828171
F_HCC_89	0.102	0.115	0.113	0.142	0.09	0.123	0.124	0.119	0.113	0.133	0.133	0.125	0.126	0.105	0.095	0.101	0.114	0.141	0.112	0.121	0.099	0.123	0.104	0.119	0.122	0.133	0.112	0.121	0.1	0.114	0.172	0.115	0.12	0.11	1099341.0	1597628.039951
F_HCC_90	0.089	0.134	0.104	0.14	0.099	0.126	0.121	0.121	0.136	0.129	0.136	0.132	0.138	0.117	0.097	0.11	0.11	0.139	0.119	0.126	0.095	0.134	0.108	0.121	0.133	0.132	0.117	0.122	0.102	0.113	0.174	0.122	0.118	0.118	1150877.0	1431125.875977
F_HCC_91	0.098	0.112	0.112	0.142	0.122	0.122	0.12	0.115	0.104	0.137	0.135	0.146	0.132	0.12	0.085	0.1	0.118	0.171	0.109	0.135	0.109	0.129	0.104	0.117	0.158	0.14	0.12	0.117	0.121	0.114	0.172	0.118	0.092	0.112	1101261.0	1420047.577058
F_HCC_92	0.093	0.124	0.11	0.144	0.122	0.127	0.125	0.135	0.119	0.133	0.127	0.135	0.136	0.125	0.097	0.1	0.121	0.145	0.123	0.141	0.105	0.128	0.098	0.122	0.134	0.14	0.122	0.117	0.092	0.109	0.192	0.157	0.085	0.112	1061978.0	1530096.23941
F_HCC_93	0.096	0.11	0.115	0.138	0.089	0.121	0.12	0.123	0.116	0.143	0.133	0.143	0.145	0.119	0.09	0.106	0.116	0.14	0.13	0.12	0.103	0.124	0.108	0.114	0.144	0.138	0.113	0.121	0.115	0.117	0.157	0.167	0.1	0.117	1029125.0	1232175.404642
F_HCC_94	0.096	0.126	0.115	0.139	0.112	0.127	0.125	0.127	0.134	0.142	0.12	0.125	0.129	0.12	0.11	0.098	0.1	0.164	0.127	0.141	0.101	0.13	0.104	0.132	0.133	0.137	0.121	0.116	0.108	0.117	0.165	0.126	0.115	0.122	956310.0	1163270.764353
F_HCC_95	0.098	0.122	0.114	0.144	0.096	0.117	0.132	0.134	0.123	0.136	0.139	0.136	0.134	0.127	0.079	0.101	0.117	0.151	0.143	0.127	0.111	0.131	0.111	0.131	0.167	0.148	0.125	0.122	0.105	0.127	0.177	0.154	0.105	0.107	991837.0	1054121.674247
F_HCC_96	0.108	0.119	0.111	0.161	0.13	0.122	0.131	0.122	0.117	0.157	0.143	0.149	0.131	0.134	0.087	0.098	0.126	0.141	0.127	0.149	0.109	0.135	0.109	0.125	0.132	0.143	0.123	0.128	0.117	0.119	0.195	0.13	0.134	0.114	935888.0	1190421.900669
F_HCC_97	0.092	0.133	0.117	0.147	0.082	0.13	0.122	0.131	0.124	0.139	0.129	0.141	0.135	0.116	0.105	0.114	0.11	0.136	0.142	0.147	0.117	0.128	0.114	0.124	0.132	0.144	0.123	0.126	0.101	0.119	0.172	0.13	0.112	0.124	1106891.0	1389880.225326
F_HCC_98	0.095	0.121	0.108	0.151	0.112	0.141	0.127	0.125	0.119	0.146	0.144	0.143	0.131	0.119	0.105	0.102	0.128	0.168	0.125	0.154	0.108	0.125	0.109	0.124	0.151	0.13	0.127	0.127	0.104	0.114	0.178	0.144	0.113	0.115	910201.0	924217.929061
F_HCC_99	0.09	0.12	0.111	0.145	0.088	0.124	0.121	0.133	0.118	0.14	0.141	0.137	0.126	0.124	0.092	0.1	0.115	0.157	0.128	0.13	0.106	0.127	0.107	0.125	0.142	0.136	0.12	0.121	0.095	0.114	0.172	0.148	0.086	0.123	1084405.0	1338856.820847
F_HCC_100	0.095	0.109	0.115	0.145	0.116	0.133	0.138	0.126	0.123	0.139	0.133	0.149	0.126	0.116	0.098	0.101	0.121	0.154	0.12	0.136	0.115	0.13	0.114	0.13	0.139	0.142	0.125	0.123	0.113	0.128	0.196	0.143	0.142	0.118	1025443.0	1114639.773849
F_HCC_101	0.084	0.132	0.123	0.148	0.08	0.125	0.122	0.132	0.118	0.134	0.144	0.145	0.133	0.126	0.084	0.122	0.115	0.155	0.112	0.147	0.119	0.13	0.119	0.133	0.12	0.13	0.118	0.123	0.114	0.122	0.174	0.149	0.088	0.115	1014529.0	1198426.531083
F_HCC_102	0.097	0.112	0.101	0.148	0.1	0.132	0.126	0.113	0.126	0.143	0.131	0.146	0.128	0.119	0.092	0.106	0.12	0.153	0.13	0.136	0.117	0.133	0.113	0.129	0.136	0.143	0.124	0.129	0.101	0.125	0.166	0.12	0.119	0.11	1024243.0	1422778.52718
F_HCC_103	0.105	0.127	0.113	0.141	0.118	0.124	0.132	0.123	0.12	0.137	0.141	0.134	0.129	0.121	0.081	0.116	0.121	0.171	0.143	0.139	0.111	0.129	0.108	0.13	0.142	0.143	0.123	0.13	0.108	0.119	0.181	0.127	0.072	0.123	1137332.0	1206118.51598
F_HCC_104	0.105	0.124	0.104	0.137	0.083	0.124	0.121	0.126	0.117	0.135	0.136	0.138	0.132	0.123	0.085	0.114	0.121	0.141	0.123	0.156	0.126	0.124	0.106	0.117	0.119	0.147	0.113	0.133	0.105	0.121	0.169	0.134	0.073	0.116	942434.0	1229047.702154
F_HCC_105	0.083	0.112	0.098	0.136	0.099	0.126	0.119	0.116	0.109	0.139	0.126	0.146	0.122	0.12	0.094	0.104	0.112	0.148	0.113	0.144	0.111	0.103	0.103	0.125	0.131	0.131	0.115	0.11	0.101	0.117	0.179	0.117	0.11	0.121	1053895.0	1396256.125016
F_HCC_106	0.09	0.133	0.118	0.143	0.106	0.128	0.124	0.115	0.123	0.139	0.138	0.144	0.115	0.109	0.089	0.105	0.13	0.145	0.129	0.125	0.099	0.131	0.106	0.121	0.135	0.137	0.117	0.114	0.1	0.132	0.176	0.126	0.095	0.124	989411.0	1058253.152321
F_HCC_107	0.108	0.114	0.106	0.14	0.088	0.121	0.126	0.121	0.116	0.139	0.13	0.143	0.134	0.126	0.12	0.115	0.114	0.145	0.119	0.138	0.107	0.132	0.106	0.124	0.129	0.14	0.125	0.125	0.11	0.116	0.186	0.116	0.097	0.119	1166330.0	1194032.923457
F_HCC_108	0.094	0.12	0.118	0.131	0.128	0.117	0.116	0.126	0.121	0.129	0.146	0.14	0.132	0.116	0.089	0.105	0.1	0.134	0.111	0.146	0.105	0.126	0.112	0.127	0.119	0.141	0.123	0.116	0.098	0.113	0.16	0.132	0.119	0.118	1042941.0	1370740.666474
F_HCC_109	0.097	0.111	0.109	0.136	0.116	0.132	0.127	0.122	0.125	0.144	0.127	0.15	0.123	0.119	0.107	0.118	0.112	0.143	0.135	0.134	0.118	0.121	0.109	0.127	0.129	0.137	0.114	0.112	0.098	0.116	0.178	0.12	0.127	0.12	933892.0	1183255.731423
F_HCC_110	0.092	0.113	0.112	0.153	0.118	0.141	0.138	0.138	0.12	0.147	0.153	0.145	0.139	0.132	0.095	0.133	0.116	0.16	0.124	0.139	0.123	0.142	0.115	0.135	0.117	0.136	0.123	0.127	0.102	0.12	0.217	0.179	0.107	0.114	781546.0	1009217.992357
F_HCC_111	0.105	0.152	0.108	0.142	0.126	0.128	0.131	0.131	0.129	0.141	0.138	0.141	0.135	0.121	0.083	0.105	0.123	0.163	0.134	0.139	0.112	0.135	0.114	0.121	0.133	0.146	0.141	0.124	0.111	0.127	0.159	0.181	0.095	0.12	959703.0	1353300.919421
