rh.aparc.thicknessstd	rh_bankssts_thicknessstd	rh_caudalanteriorcingulate_thicknessstd	rh_caudalmiddlefrontal_thicknessstd	rh_cuneus_thicknessstd	rh_entorhinal_thicknessstd	rh_fusiform_thicknessstd	rh_inferiorparietal_thicknessstd	rh_inferiortemporal_thicknessstd	rh_isthmuscingulate_thicknessstd	rh_lateraloccipital_thicknessstd	rh_lateralorbitofrontal_thicknessstd	rh_lingual_thicknessstd	rh_medialorbitofrontal_thicknessstd	rh_middletemporal_thicknessstd	rh_parahippocampal_thicknessstd	rh_paracentral_thicknessstd	rh_parsopercularis_thicknessstd	rh_parsorbitalis_thicknessstd	rh_parstriangularis_thicknessstd	rh_pericalcarine_thicknessstd	rh_postcentral_thicknessstd	rh_posteriorcingulate_thicknessstd	rh_precentral_thicknessstd	rh_precuneus_thicknessstd	rh_rostralanteriorcingulate_thicknessstd	rh_rostralmiddlefrontal_thicknessstd	rh_superiorfrontal_thicknessstd	rh_superiorparietal_thicknessstd	rh_superiortemporal_thicknessstd	rh_supramarginal_thicknessstd	rh_frontalpole_thicknessstd	rh_temporalpole_thicknessstd	rh_transversetemporal_thicknessstd	rh_insula_thicknessstd	BrainSegVolNotVent	eTIV
F_BPS_02	0.395	0.785	0.499	0.439	0.631	0.576	0.443	0.577	0.792	0.481	0.621	0.562	0.605	0.555	0.799	0.509	0.401	0.528	0.445	0.435	0.572	0.705	0.489	0.439	0.579	0.457	0.533	0.463	0.577	0.463	0.543	0.695	0.321	0.775	1085504.0	1276142.665277
F_BPS_03	0.509	0.768	0.466	0.377	0.684	0.571	0.474	0.675	0.808	0.555	0.666	0.555	0.646	0.603	0.841	0.531	0.412	0.614	0.591	0.422	0.601	0.737	0.586	0.538	0.677	0.56	0.572	0.499	0.576	0.529	0.689	0.731	0.35	0.877	898262.0	1367831.401666
F_BPS_04	0.4	0.47	0.41	0.419	0.798	0.549	0.435	0.67	0.735	0.533	0.501	0.484	0.545	0.592	0.466	0.434	0.38	0.53	0.398	0.334	0.529	0.601	0.497	0.502	0.487	0.454	0.457	0.434	0.541	0.45	0.437	0.539	0.342	0.613	994680.0	1397150.944669
F_BPS_05	0.383	0.84	0.427	0.456	0.676	0.597	0.42	0.658	0.763	0.512	0.616	0.558	0.593	0.581	0.752	0.477	0.464	0.482	0.418	0.45	0.513	0.663	0.528	0.468	0.691	0.479	0.495	0.413	0.486	0.47	0.445	0.665	0.575	0.763	1203295.0	1633517.728451
F_BPS_07	0.45	0.604	0.519	0.456	0.815	0.639	0.491	0.66	0.79	0.653	0.598	0.671	0.606	0.634	0.678	0.527	0.469	0.463	0.502	0.384	0.582	0.641	0.597	0.521	0.618	0.525	0.604	0.509	0.635	0.54	0.556	0.865	0.423	0.846	980742.0	1503722.438119
F_BPS_08	0.372	0.619	0.41	0.426	0.591	0.64	0.425	0.545	0.63	0.534	0.624	0.503	0.508	0.534	0.7	0.504	0.347	0.493	0.424	0.42	0.458	0.448	0.465	0.434	0.625	0.455	0.44	0.401	0.561	0.479	0.478	0.492	0.346	0.778	951568.0	1360181.585334
F_BPS_12	0.328	0.376	0.47	0.46	0.725	0.609	0.474	0.641	0.693	0.502	0.565	0.596	0.511	0.56	0.727	0.548	0.387	0.501	0.453	0.379	0.56	0.643	0.502	0.499	0.468	0.483	0.542	0.445	0.554	0.514	0.558	0.568	0.273	0.651	1079848.0	1581207.755035
F_BPS_13	0.439	0.527	0.404	0.443	0.629	0.603	0.444	0.525	0.703	0.499	0.57	0.562	0.593	0.496	0.754	0.589	0.397	0.592	0.423	0.307	0.563	0.588	0.545	0.517	0.514	0.456	0.538	0.446	0.545	0.507	0.502	0.687	0.314	0.582	1000597.0	1294601.124291
F_BPS_14	0.352	0.626	0.408	0.398	0.919	0.621	0.408	0.606	0.719	0.475	0.649	0.485	0.625	0.515	0.526	0.446	0.368	0.57	0.447	0.337	0.46	0.679	0.484	0.422	0.498	0.528	0.475	0.39	0.507	0.409	0.529	0.624	0.389	0.719	1024291.0	1581144.723876
F_BPS_15	0.333	0.606	0.367	0.448	0.876	0.537	0.395	0.557	0.743	0.495	0.521	0.57	0.497	0.469	0.572	0.521	0.417	0.443	0.402	0.482	0.461	0.616	0.475	0.421	0.66	0.436	0.422	0.389	0.462	0.391	0.568	0.742	0.399	0.662	1079774.0	1501881.644372
F_BPS_16	0.477	0.563	0.467	0.5	0.924	0.558	0.462	0.703	0.77	0.567	0.734	0.543	0.622	0.612	0.604	0.563	0.429	0.66	0.55	0.43	0.566	0.702	0.557	0.472	0.613	0.549	0.545	0.412	0.577	0.529	0.633	0.786	0.424	0.819	1244075.0	1642988.618894
F_BPS_19	0.414	0.411	0.463	0.381	0.794	0.521	0.471	0.676	0.704	0.646	0.726	0.62	0.601	0.675	0.707	0.504	0.374	0.579	0.507	0.308	0.558	0.623	0.526	0.501	0.489	0.448	0.558	0.506	0.581	0.484	0.465	0.548	0.4	0.785	1008483.0	1470031.620581
F_BPS_21	0.31	0.734	0.378	0.485	0.791	0.523	0.412	0.59	0.781	0.51	0.604	0.605	0.557	0.535	0.84	0.469	0.351	0.478	0.406	0.461	0.493	0.644	0.476	0.501	0.644	0.483	0.501	0.422	0.532	0.407	0.493	0.776	0.342	0.742	999152.0	1070867.016935
F_BPS_23	0.357	0.674	0.47	0.397	0.976	0.543	0.461	0.696	0.801	0.488	0.736	0.518	0.596	0.56	0.83	0.49	0.387	0.559	0.445	0.364	0.519	0.646	0.527	0.515	0.566	0.523	0.561	0.426	0.594	0.481	0.608	0.861	0.451	0.798	1040504.0	1237443.195265
F_BPS_24	0.34	0.611	0.491	0.443	0.911	0.616	0.419	0.649	0.688	0.606	0.634	0.572	0.661	0.664	0.746	0.541	0.439	0.638	0.472	0.433	0.507	0.625	0.528	0.481	0.664	0.552	0.634	0.427	0.633	0.467	0.727	0.555	0.327	0.712	1155820.0	1597377.709125
F_BPS_33	0.37	0.561	0.401	0.366	0.81	0.517	0.482	0.649	0.779	0.493	0.557	0.548	0.644	0.546	0.693	0.498	0.346	0.474	0.467	0.397	0.577	0.67	0.533	0.486	0.551	0.453	0.505	0.422	0.621	0.445	0.581	0.681	0.415	0.691	1055225.0	1370728.824023
F_BPS_34	0.356	0.735	0.46	0.5	0.744	0.65	0.487	0.66	0.807	0.469	0.587	0.547	0.652	0.571	0.838	0.433	0.402	0.461	0.49	0.418	0.547	0.819	0.489	0.497	0.65	0.487	0.525	0.431	0.573	0.509	0.743	0.601	0.329	0.779	1068078.0	1525085.591924
F_BPS_35	0.404	0.709	0.485	0.453	0.753	0.628	0.514	0.674	0.786	0.526	0.641	0.618	0.774	0.577	0.482	0.455	0.503	0.5	0.463	0.508	0.491	0.676	0.531	0.525	0.561	0.531	0.535	0.535	0.588	0.488	0.687	1.06	0.331	0.772	1064887.0	1641162.729851
F_BPS_37	0.383	0.531	0.428	0.442	0.781	0.507	0.474	0.649	0.767	0.474	0.5	0.532	0.637	0.595	0.614	0.536	0.374	0.49	0.438	0.408	0.607	0.521	0.478	0.486	0.485	0.478	0.45	0.393	0.574	0.477	0.457	0.523	0.432	0.717	1039134.0	1360369.542719
F_BPS_38	0.379	0.41	0.42	0.384	0.702	0.569	0.495	0.715	0.834	0.517	0.643	0.531	0.582	0.567	0.562	0.622	0.381	0.438	0.446	0.292	0.573	0.639	0.525	0.526	0.457	0.429	0.493	0.482	0.538	0.521	0.365	0.639	0.349	0.715	916880.0	1269618.835883
F_BPS_45	0.362	0.557	0.465	0.416	0.953	0.573	0.437	0.575	0.809	0.497	0.667	0.467	0.616	0.518	0.558	0.463	0.384	0.528	0.414	0.384	0.523	0.6	0.47	0.463	0.532	0.487	0.493	0.462	0.563	0.464	0.622	0.56	0.296	0.741	1020959.0	1460947.661991
F_BPS_46	0.473	0.542	0.5	0.49	0.77	0.556	0.469	0.629	0.736	0.568	0.688	0.628	0.547	0.55	0.609	0.464	0.375	0.542	0.413	0.456	0.569	0.693	0.475	0.485	0.589	0.472	0.535	0.435	0.528	0.44	0.635	0.693	0.344	0.64	1124514.0	1526696.863521
F_BPS_47	0.398	0.687	0.414	0.445	0.775	0.67	0.459	0.598	0.748	0.609	0.66	0.585	0.611	0.619	0.8	0.48	0.347	0.563	0.503	0.421	0.519	0.655	0.49	0.444	0.628	0.483	0.522	0.397	0.592	0.481	0.524	0.444	0.355	0.785	1063198.0	1417546.790436
F_BPS_48	0.381	0.826	0.405	0.397	0.873	0.542	0.44	0.614	0.696	0.513	0.639	0.546	0.643	0.57	0.652	0.531	0.41	0.639	0.487	0.4	0.616	0.768	0.543	0.504	0.684	0.53	0.559	0.465	0.565	0.535	0.673	0.762	0.349	0.666	972176.0	1322136.999757
F_BPS_49	0.429	0.588	0.451	0.364	0.822	0.54	0.451	0.553	0.756	0.461	0.607	0.552	0.617	0.522	0.763	0.46	0.415	0.644	0.47	0.419	0.538	0.649	0.542	0.474	0.496	0.535	0.519	0.476	0.543	0.445	0.722	0.557	0.402	0.697	983028.0	1488454.032554
F_BPS_51	0.399	0.605	0.471	0.381	0.885	0.564	0.451	0.623	0.737	0.557	0.683	0.559	0.611	0.606	0.503	0.514	0.426	0.535	0.472	0.376	0.605	0.725	0.531	0.488	0.588	0.463	0.517	0.444	0.546	0.483	0.502	0.701	0.346	0.805	1218801.0	1651155.045506
F_BPS_52	0.321	0.796	0.375	0.412	0.798	0.671	0.534	0.83	0.789	0.551	0.737	0.51	0.683	0.613	0.57	0.605	0.415	0.547	0.507	0.333	0.616	0.81	0.605	0.519	0.794	0.563	0.543	0.437	0.641	0.464	0.599	0.686	0.388	0.81	904679.0	1278429.336722
F_BPS_53	0.395	0.722	0.476	0.426	0.86	0.661	0.443	0.588	0.731	0.553	0.611	0.522	0.687	0.593	0.77	0.517	0.431	0.544	0.388	0.386	0.545	0.65	0.526	0.423	0.535	0.487	0.503	0.437	0.514	0.474	0.51	0.703	0.287	0.74	981554.0	1242378.114276
F_BPS_54	0.352	0.614	0.433	0.416	0.692	0.696	0.403	0.599	0.721	0.503	0.612	0.59	0.591	0.538	0.919	0.478	0.381	0.534	0.545	0.465	0.546	0.547	0.581	0.51	0.652	0.497	0.554	0.422	0.564	0.441	0.554	0.541	0.502	0.633	1061001.0	1445968.475039
F_BPS_55	0.309	0.583	0.422	0.418	0.873	0.493	0.458	0.625	0.768	0.447	0.601	0.512	0.534	0.556	0.611	0.527	0.362	0.502	0.422	0.4	0.524	0.646	0.532	0.407	0.467	0.51	0.532	0.466	0.511	0.477	0.546	0.669	0.35	0.747	1013091.0	1502880.25435
F_BPS_56	0.351	0.834	0.377	0.481	0.734	0.628	0.447	0.637	0.75	0.619	0.647	0.57	0.6	0.561	0.745	0.456	0.349	0.498	0.442	0.401	0.592	0.756	0.515	0.482	0.416	0.469	0.433	0.444	0.584	0.468	0.517	0.588	0.363	0.607	1073085.0	1475423.293168
F_BPS_57	0.383	0.533	0.389	0.502	0.686	0.557	0.409	0.601	0.732	0.525	0.519	0.515	0.494	0.49	0.603	0.516	0.363	0.43	0.425	0.381	0.467	0.528	0.519	0.472	0.543	0.428	0.496	0.411	0.51	0.443	0.393	0.451	0.27	0.745	1008331.0	1334132.651305
F_BPS_59	0.472	0.671	0.405	0.461	0.805	0.647	0.498	0.753	0.811	0.537	0.673	0.588	0.57	0.699	0.774	0.516	0.382	0.649	0.428	0.356	0.584	0.735	0.533	0.539	0.555	0.532	0.533	0.48	0.592	0.487	0.654	0.788	0.264	0.769	1026373.0	1475722.006298
F_BPS_60	0.444	0.545	0.416	0.445	0.705	0.651	0.462	0.72	0.734	0.609	0.667	0.6	0.637	0.536	0.771	0.472	0.415	0.664	0.446	0.47	0.69	0.629	0.604	0.473	0.683	0.523	0.49	0.439	0.593	0.463	0.527	0.742	0.379	0.861	1147354.0	1574970.701761
F_BPS_61	0.409	0.623	0.404	0.342	0.861	0.596	0.439	0.601	0.672	0.472	0.631	0.556	0.594	0.605	0.667	0.439	0.368	0.516	0.349	0.426	0.543	0.608	0.509	0.426	0.684	0.454	0.525	0.375	0.553	0.479	0.548	0.723	0.313	0.624	1042550.0	1371614.697944
F_BPS_62	0.316	0.437	0.421	0.493	0.726	0.564	0.376	0.553	0.678	0.473	0.532	0.516	0.621	0.505	0.623	0.412	0.327	0.463	0.374	0.413	0.516	0.491	0.467	0.462	0.461	0.43	0.432	0.393	0.52	0.407	0.486	0.569	0.308	0.601	964029.0	1409835.330378
F_BPS_64	0.379	0.442	0.41	0.455	0.675	0.566	0.42	0.505	0.747	0.504	0.633	0.5	0.542	0.525	0.539	0.585	0.425	0.494	0.474	0.298	0.537	0.519	0.548	0.47	0.618	0.465	0.515	0.425	0.502	0.434	0.428	0.657	0.351	0.758	1027903.0	1364403.748523
F_BPS_65	0.417	0.625	0.401	0.442	0.678	0.528	0.456	0.71	0.792	0.589	0.627	0.567	0.612	0.553	0.553	0.61	0.471	0.595	0.539	0.461	0.59	0.692	0.634	0.532	0.506	0.544	0.545	0.501	0.576	0.512	0.682	0.723	0.367	0.664	1408421.0	1945127.536445
F_BPS_66	0.339	0.647	0.394	0.483	0.615	0.518	0.435	0.559	0.737	0.494	0.589	0.591	0.519	0.461	0.58	0.504	0.293	0.414	0.389	0.417	0.459	0.693	0.582	0.482	0.512	0.416	0.51	0.387	0.527	0.4	0.608	0.523	0.307	0.657	1058445.0	1444793.126947
F_BPS_67	0.502	0.715	0.486	0.55	0.562	0.641	0.477	0.64	0.604	0.485	0.617	0.587	0.592	0.65	0.774	0.597	0.442	0.652	0.49	0.464	0.578	0.506	0.552	0.493	0.695	0.562	0.583	0.416	0.596	0.519	0.67	0.72	0.44	0.801	1008738.0	1354120.417081
F_BPS_69	0.357	0.575	0.413	0.395	0.654	0.523	0.396	0.553	0.755	0.491	0.603	0.549	0.59	0.547	0.66	0.47	0.412	0.393	0.451	0.506	0.536	0.709	0.5	0.484	0.54	0.459	0.483	0.386	0.535	0.439	0.387	0.662	0.357	0.8	1066567.0	1380422.307505
F_BPS_70	0.412	0.577	0.459	0.469	0.806	0.671	0.503	0.598	0.639	0.455	0.62	0.563	0.614	0.571	0.793	0.462	0.473	0.631	0.487	0.437	0.575	0.609	0.568	0.463	0.622	0.532	0.519	0.428	0.562	0.418	0.527	0.589	0.469	0.754	964610.0	1241567.784043
F_BPS_71	0.322	0.744	0.631	0.43	0.68	0.555	0.392	0.493	0.687	0.474	0.661	0.585	0.597	0.506	0.718	0.471	0.421	0.495	0.44	0.42	0.366	0.671	0.482	0.476	0.551	0.487	0.524	0.379	0.501	0.464	0.492	0.516	0.301	0.657	1029201.0	1393241.939356
F_BPS_74	0.295	0.484	0.352	0.45	0.782	0.475	0.393	0.644	0.694	0.454	0.627	0.569	0.56	0.491	0.505	0.489	0.36	0.579	0.435	0.437	0.425	0.608	0.487	0.431	0.415	0.398	0.46	0.42	0.515	0.37	0.479	0.613	0.368	0.721	1194463.0	1720383.735402
F_BPS_75	0.289	0.487	0.404	0.346	0.75	0.513	0.45	0.611	0.628	0.461	0.682	0.508	0.693	0.534	0.636	0.538	0.363	0.478	0.452	0.42	0.519	0.639	0.491	0.421	0.443	0.43	0.489	0.441	0.519	0.476	0.45	0.529	0.339	0.684	885222.0	1060945.582048
F_BPS_76	0.353	0.747	0.398	0.489	0.728	0.59	0.427	0.566	0.791	0.502	0.642	0.538	0.67	0.538	0.582	0.434	0.389	0.486	0.373	0.394	0.554	0.681	0.489	0.497	0.672	0.517	0.509	0.416	0.524	0.436	0.44	0.732	0.316	0.758	1076553.0	1499259.271777
F_BPS_77	0.447	0.57	0.431	0.457	0.589	0.559	0.449	0.602	0.71	0.495	0.527	0.542	0.606	0.564	0.663	0.461	0.315	0.585	0.393	0.419	0.568	0.483	0.474	0.463	0.501	0.466	0.494	0.428	0.475	0.453	0.494	0.525	0.312	0.682	1031805.0	1205122.160895
F_BPS_78	0.368	0.522	0.474	0.494	0.651	0.604	0.428	0.638	0.748	0.491	0.63	0.533	0.68	0.598	0.618	0.525	0.429	0.645	0.488	0.481	0.49	0.63	0.487	0.484	0.651	0.522	0.554	0.365	0.547	0.443	0.621	0.722	0.363	0.762	1145423.0	1537386.23477
F_BPS_79	0.377	0.711	0.444	0.36	0.665	0.525	0.413	0.589	0.671	0.455	0.6	0.517	0.588	0.601	0.689	0.467	0.445	0.552	0.465	0.331	0.545	0.577	0.509	0.474	0.732	0.539	0.522	0.405	0.569	0.456	0.489	0.652	0.475	0.697	965498.0	1281962.286637
F_BPS_80	0.415	0.539	0.415	0.388	0.666	0.507	0.474	0.649	0.732	0.464	0.63	0.501	0.561	0.571	0.559	0.573	0.463	0.515	0.487	0.458	0.532	0.639	0.58	0.519	0.688	0.533	0.505	0.419	0.557	0.493	0.407	0.729	0.316	0.618	907038.0	907267.9702
F_BPS_81	0.319	0.669	0.45	0.372	0.661	0.399	0.375	0.565	0.694	0.401	0.645	0.508	0.525	0.5	0.566	0.625	0.355	0.496	0.447	0.347	0.49	0.61	0.53	0.486	0.52	0.427	0.455	0.403	0.493	0.431	0.416	0.53	0.313	0.666	1021368.0	1379611.787916
F_BPS_83	0.377	0.551	0.377	0.429	0.594	0.628	0.437	0.569	0.648	0.507	0.535	0.564	0.573	0.562	0.653	0.504	0.376	0.483	0.581	0.397	0.497	0.56	0.522	0.478	0.6	0.481	0.472	0.427	0.502	0.454	0.485	0.536	0.296	0.688	926022.0	1278941.702092
F_BPS_84	0.413	0.477	0.389	0.489	0.605	0.639	0.443	0.599	0.851	0.459	0.645	0.469	0.544	0.558	0.569	0.578	0.441	0.536	0.448	0.377	0.57	0.717	0.518	0.483	0.536	0.45	0.468	0.416	0.555	0.488	0.44	0.518	0.425	0.685	1097654.0	1381528.502928
F_BPS_87	0.358	0.61	0.414	0.52	0.829	0.552	0.439	0.691	0.67	0.63	0.656	0.532	0.584	0.521	0.54	0.474	0.449	0.536	0.382	0.394	0.501	0.742	0.554	0.482	0.518	0.466	0.51	0.408	0.583	0.461	0.491	0.633	0.356	0.686	1082652.0	1462426.454393
F_BPS_88	0.449	0.754	0.465	0.459	1.066	0.553	0.482	0.615	0.805	0.579	0.648	0.62	0.687	0.553	0.793	0.48	0.377	0.597	0.51	0.374	0.562	0.641	0.536	0.432	0.68	0.542	0.573	0.419	0.602	0.5	0.588	1.072	0.334	0.767	1287173.0	1810910.340698
F_BPS_89	0.355	0.63	0.423	0.437	0.69	0.653	0.443	0.621	0.668	0.522	0.665	0.555	0.617	0.541	0.505	0.454	0.405	0.589	0.471	0.357	0.585	0.583	0.493	0.485	0.549	0.44	0.503	0.448	0.542	0.451	0.534	0.783	0.303	0.73	1191513.0	1733094.882974
F_BPS_90	0.399	0.732	0.464	0.403	0.741	0.586	0.422	0.637	0.734	0.505	0.614	0.569	0.545	0.584	0.739	0.511	0.453	0.546	0.491	0.412	0.546	0.685	0.485	0.463	0.471	0.458	0.523	0.406	0.567	0.466	0.463	0.49	0.48	0.758	1138370.0	1582187.831953
F_BPS_91	0.301	0.681	0.382	0.456	0.669	0.556	0.479	0.633	0.714	0.484	0.664	0.557	0.564	0.489	0.585	0.447	0.388	0.518	0.373	0.471	0.538	0.625	0.537	0.487	0.542	0.461	0.477	0.444	0.537	0.465	0.475	0.444	0.291	0.773	956748.0	1005983.031175
F_BPS_92	0.37	0.407	0.479	0.374	0.736	0.582	0.489	0.636	0.791	0.577	0.698	0.602	0.585	0.556	0.559	0.524	0.431	0.638	0.441	0.397	0.577	0.724	0.484	0.518	0.61	0.506	0.539	0.439	0.621	0.45	0.506	1.046	0.436	0.716	1284292.0	1679251.635662
F_BPS_93	0.408	0.721	0.574	0.461	0.744	0.691	0.487	0.667	0.816	0.583	0.645	0.558	0.702	0.634	0.7	0.561	0.465	0.595	0.44	0.482	0.599	0.732	0.599	0.54	0.706	0.546	0.625	0.546	0.641	0.564	0.642	0.803	0.311	0.814	1105037.0	1186276.187795
F_BPS_94	0.309	0.531	0.402	0.373	0.725	0.517	0.429	0.577	0.649	0.421	0.579	0.517	0.546	0.56	0.693	0.498	0.361	0.505	0.405	0.388	0.573	0.64	0.537	0.492	0.49	0.474	0.49	0.481	0.51	0.424	0.482	0.614	0.307	0.77	1008303.0	1384097.932653
F_BPS_96	0.413	0.551	0.507	0.545	0.811	0.578	0.42	0.62	0.761	0.492	0.648	0.582	0.631	0.585	0.848	0.551	0.433	0.565	0.44	0.431	0.526	0.605	0.507	0.511	0.619	0.553	0.58	0.521	0.583	0.507	0.629	0.54	0.44	0.685	1163156.0	1496188.648071
F_BPS_97	0.306	0.61	0.497	0.477	0.664	0.558	0.392	0.653	0.768	0.469	0.566	0.503	0.582	0.553	0.651	0.581	0.46	0.597	0.446	0.364	0.563	0.576	0.512	0.496	0.649	0.481	0.535	0.398	0.556	0.461	0.629	0.469	0.455	0.666	1042548.0	1343548.286768
F_BPS_98	0.429	0.559	0.382	0.401	1.0	0.539	0.502	0.66	0.645	0.517	0.621	0.563	0.669	0.55	0.831	0.522	0.38	0.572	0.487	0.442	0.551	0.601	0.459	0.518	0.624	0.486	0.491	0.448	0.583	0.48	0.495	0.638	0.424	0.789	944574.0	1269548.017754
F_BPS_99	0.305	0.352	0.409	0.386	0.649	0.605	0.457	0.591	0.712	0.466	0.55	0.528	0.584	0.536	0.65	0.502	0.4	0.659	0.457	0.429	0.49	0.545	0.472	0.45	0.49	0.46	0.473	0.415	0.485	0.43	0.451	0.521	0.298	0.759	938790.0	1332058.6162
F_BPS_101	0.386	0.346	0.369	0.483	0.587	0.634	0.425	0.599	0.804	0.51	0.623	0.522	0.57	0.559	0.619	0.507	0.41	0.503	0.452	0.449	0.5	0.658	0.449	0.505	0.761	0.496	0.444	0.385	0.525	0.472	0.589	0.561	0.349	0.7	960370.0	1088308.480611
F_BPS_102	0.401	0.653	0.434	0.442	0.788	0.591	0.455	0.588	0.646	0.498	0.618	0.518	0.639	0.561	0.686	0.541	0.5	0.461	0.424	0.354	0.5	0.641	0.506	0.513	0.584	0.477	0.466	0.427	0.496	0.476	0.521	0.756	0.363	0.812	1020370.0	1565212.261952
F_BPS_103	0.409	0.727	0.482	0.527	0.823	0.543	0.448	0.592	0.65	0.462	0.502	0.56	0.509	0.48	0.74	0.453	0.456	0.465	0.455	0.416	0.393	0.655	0.494	0.456	0.528	0.443	0.499	0.389	0.523	0.438	0.411	0.502	0.259	0.688	903506.0	1257476.273197
F_BPS_104	0.316	0.54	0.476	0.419	0.741	0.584	0.488	0.666	0.702	0.567	0.619	0.52	0.626	0.602	0.706	0.438	0.376	0.475	0.443	0.391	0.518	0.506	0.51	0.469	0.516	0.498	0.507	0.427	0.615	0.524	0.669	0.498	0.284	0.733	1067397.0	1508487.773201
F_BPS_105	0.373	0.688	0.381	0.421	0.671	0.51	0.451	0.664	0.714	0.505	0.565	0.54	0.738	0.487	0.625	0.531	0.416	0.618	0.419	0.423	0.53	0.485	0.503	0.51	0.813	0.49	0.502	0.436	0.521	0.465	0.533	0.843	0.325	0.652	909253.0	1249690.678317
F_BPS_107	0.348	0.724	0.392	0.524	0.744	0.613	0.396	0.642	0.76	0.482	0.636	0.609	0.575	0.505	0.746	0.503	0.372	0.467	0.394	0.432	0.605	0.668	0.561	0.455	0.497	0.432	0.478	0.449	0.463	0.419	0.567	0.622	0.464	0.597	1099152.0	1400440.42563
F_CD_01	0.413	0.698	0.52	0.528	0.681	0.544	0.425	0.56	0.734	0.517	0.666	0.555	0.538	0.537	0.407	0.424	0.448	0.588	0.506	0.44	0.451	0.701	0.544	0.497	0.537	0.496	0.515	0.396	0.505	0.432	0.533	0.627	0.386	0.652	1056569.0	1484053.955212
F_CD_02	0.416	0.717	0.49	0.508	0.628	0.583	0.468	0.549	0.612	0.5	0.601	0.515	0.54	0.492	0.488	0.5	0.49	0.493	0.512	0.337	0.552	0.64	0.548	0.462	0.745	0.469	0.559	0.439	0.483	0.487	0.541	0.899	0.388	0.651	974403.0	1413522.009671
F_CD_04	0.396	0.664	0.416	0.487	0.919	0.504	0.394	0.616	0.653	0.502	0.605	0.493	0.534	0.501	0.541	0.473	0.348	0.531	0.436	0.363	0.614	0.571	0.569	0.474	0.609	0.492	0.516	0.424	0.544	0.466	0.55	0.704	0.397	0.655	1038134.0	1003789.792523
F_CD_05	0.39	0.615	0.46	0.377	0.884	0.628	0.444	0.663	0.715	0.439	0.692	0.54	0.563	0.621	0.635	0.614	0.417	0.646	0.485	0.463	0.552	0.68	0.568	0.526	0.444	0.511	0.578	0.456	0.601	0.492	0.495	0.766	0.363	0.817	1062997.0	1365862.857754
F_CD_06	0.408	0.726	0.447	0.515	0.656	0.586	0.523	0.682	0.689	0.599	0.63	0.568	0.662	0.577	0.641	0.438	0.46	0.633	0.467	0.48	0.585	0.707	0.5	0.444	0.767	0.522	0.517	0.406	0.637	0.536	0.511	0.864	0.437	0.782	1210044.0	1562815.654156
F_CD_08	0.367	0.539	0.475	0.438	0.6	0.605	0.495	0.529	0.704	0.502	0.592	0.551	0.548	0.507	0.629	0.574	0.391	0.554	0.429	0.384	0.552	0.718	0.594	0.558	0.6	0.499	0.572	0.494	0.554	0.474	0.661	0.596	0.341	0.658	973421.0	1299315.384545
F_CD_09	0.381	0.657	0.471	0.52	0.936	0.569	0.427	0.699	0.717	0.56	0.676	0.569	0.546	0.575	0.597	0.516	0.453	0.57	0.479	0.357	0.676	0.702	0.728	0.467	0.596	0.539	0.57	0.529	0.556	0.521	0.535	0.742	0.457	0.747	1274725.0	1465327.339918
F_CD_10	0.344	0.725	0.365	0.427	0.727	0.549	0.495	0.65	0.739	0.521	0.641	0.602	0.615	0.529	0.633	0.534	0.396	0.437	0.484	0.455	0.53	0.653	0.492	0.444	0.55	0.487	0.49	0.413	0.546	0.451	0.493	0.545	0.455	0.791	1077202.0	1389126.930246
F_CD_11	0.48	0.731	0.433	0.421	0.827	0.588	0.44	0.655	0.71	0.497	0.679	0.552	0.656	0.608	0.576	0.501	0.447	0.616	0.473	0.51	0.533	0.704	0.54	0.521	0.721	0.508	0.513	0.487	0.515	0.493	0.619	0.749	0.362	0.728	1147015.0	1787065.529294
F_CD_12	0.332	0.661	0.467	0.439	0.623	0.635	0.415	0.6	0.745	0.489	0.594	0.523	0.547	0.53	0.745	0.495	0.382	0.495	0.438	0.439	0.481	0.735	0.512	0.459	0.552	0.452	0.493	0.416	0.579	0.431	0.356	0.549	0.349	0.725	1179341.0	1690073.735793
F_CD_13	0.344	0.531	0.426	0.385	0.742	0.654	0.413	0.581	0.729	0.461	0.593	0.56	0.664	0.561	0.885	0.548	0.43	0.581	0.501	0.391	0.465	0.621	0.46	0.524	0.53	0.541	0.521	0.39	0.51	0.484	0.644	0.61	0.286	0.632	862632.0	934949.894247
F_CD_14	0.461	0.793	0.463	0.417	0.689	0.682	0.444	0.599	0.707	0.605	0.663	0.522	0.536	0.605	0.688	0.535	0.439	0.564	0.44	0.481	0.558	0.737	0.484	0.479	0.881	0.482	0.562	0.441	0.586	0.43	0.561	0.706	0.339	0.629	1062299.0	1407841.62677
F_CD_16	0.364	0.629	0.438	0.44	0.744	0.6	0.456	0.571	0.729	0.513	0.608	0.5	0.667	0.592	0.577	0.578	0.455	0.598	0.493	0.502	0.556	0.655	0.62	0.506	0.578	0.587	0.574	0.41	0.591	0.479	0.452	0.499	0.398	0.76	991376.0	1069596.294341
F_CD_17	0.376	0.651	0.417	0.444	0.652	0.636	0.439	0.63	0.737	0.503	0.625	0.513	0.704	0.626	0.634	0.525	0.432	0.546	0.438	0.438	0.573	0.654	0.522	0.454	0.627	0.554	0.533	0.418	0.615	0.468	0.534	0.722	0.403	0.703	894172.0	1133124.331286
F_CD_19	0.339	0.884	0.488	0.499	0.828	0.571	0.485	0.695	0.792	0.526	0.573	0.559	0.63	0.553	0.727	0.619	0.495	0.522	0.439	0.424	0.581	0.8	0.506	0.499	0.748	0.513	0.665	0.473	0.622	0.476	0.595	0.649	0.423	0.831	1069423.0	1658861.002011
F_CD_20	0.447	0.793	0.507	0.392	0.7	0.585	0.52	0.729	0.691	0.582	0.646	0.501	0.653	0.619	0.538	0.531	0.534	0.627	0.452	0.387	0.595	0.549	0.559	0.585	0.669	0.589	0.597	0.499	0.616	0.538	0.574	0.664	0.407	0.65	1156515.0	1616164.83288
F_CD_21	0.352	0.788	0.4	0.395	0.8	0.549	0.405	0.551	0.755	0.426	0.559	0.528	0.474	0.524	0.71	0.543	0.384	0.493	0.387	0.417	0.506	0.754	0.489	0.45	0.744	0.472	0.512	0.375	0.533	0.432	0.505	0.518	0.318	0.596	1124703.0	1536564.154113
F_CD_22	0.344	0.76	0.394	0.476	0.703	0.533	0.422	0.639	0.731	0.466	0.671	0.492	0.623	0.524	0.657	0.554	0.356	0.606	0.432	0.391	0.507	0.659	0.51	0.458	0.719	0.454	0.539	0.43	0.52	0.387	0.545	0.6	0.356	0.566	1166435.0	1459290.963068
F_CD_25	0.327	0.536	0.425	0.435	0.74	0.497	0.427	0.576	0.646	0.511	0.63	0.572	0.529	0.528	0.608	0.509	0.376	0.447	0.385	0.404	0.537	0.628	0.494	0.463	0.564	0.486	0.47	0.414	0.509	0.44	0.449	0.833	0.342	0.626	1191913.0	1504121.456355
F_CD_26	0.375	0.466	0.401	0.467	0.709	0.517	0.438	0.523	0.688	0.504	0.61	0.522	0.512	0.503	0.571	0.579	0.391	0.514	0.415	0.377	0.521	0.622	0.543	0.462	0.413	0.464	0.521	0.399	0.524	0.42	0.46	0.71	0.336	0.782	1236962.0	1659392.107151
F_CD_27	0.397	0.679	0.418	0.521	0.721	0.552	0.406	0.57	0.719	0.554	0.565	0.503	0.617	0.5	0.633	0.462	0.465	0.476	0.396	0.355	0.521	0.628	0.526	0.467	0.545	0.448	0.462	0.435	0.606	0.534	0.414	0.396	0.38	0.741	1114790.0	1653785.628941
F_CD_28	0.396	0.697	0.475	0.352	0.734	0.576	0.425	0.526	0.747	0.609	0.572	0.586	0.507	0.541	0.422	0.573	0.354	0.442	0.414	0.477	0.558	0.696	0.59	0.454	0.555	0.472	0.507	0.404	0.539	0.439	0.523	0.746	0.341	0.74	1069490.0	1612878.949375
F_CD_29	0.356	0.722	0.424	0.52	0.976	0.519	0.403	0.607	0.769	0.455	0.635	0.562	0.623	0.576	0.705	0.458	0.387	0.512	0.398	0.484	0.497	0.622	0.496	0.43	0.629	0.475	0.501	0.419	0.487	0.404	0.503	0.577	0.318	0.672	1257036.0	1633498.134535
F_CD_30	0.42	0.712	0.388	0.466	0.692	0.614	0.48	0.629	0.76	0.499	0.732	0.503	0.55	0.525	0.53	0.506	0.394	0.575	0.51	0.386	0.542	0.73	0.514	0.492	0.662	0.472	0.513	0.438	0.544	0.495	0.646	0.568	0.32	0.744	1058567.0	1291709.820214
F_CD_31	0.43	0.587	0.448	0.437	0.764	0.618	0.471	0.68	0.617	0.488	0.561	0.493	0.614	0.668	0.695	0.483	0.399	0.523	0.424	0.331	0.504	0.671	0.527	0.528	0.704	0.499	0.499	0.479	0.568	0.464	0.576	1.081	0.364	0.686	1101620.0	1521567.302024
F_CD_32	0.332	0.608	0.383	0.422	0.681	0.585	0.442	0.678	0.741	0.47	0.56	0.537	0.516	0.583	0.577	0.541	0.42	0.579	0.451	0.42	0.465	0.649	0.461	0.459	0.493	0.449	0.518	0.387	0.531	0.413	0.706	0.621	0.341	0.773	1035197.0	1421833.27125
F_CD_35	0.378	0.52	0.407	0.421	0.692	0.556	0.44	0.575	0.752	0.488	0.626	0.541	0.629	0.503	0.549	0.599	0.359	0.529	0.501	0.429	0.531	0.707	0.471	0.523	0.518	0.535	0.561	0.424	0.536	0.45	0.658	0.593	0.392	0.791	1137072.0	1165017.017072
F_CD_36	0.378	0.765	0.415	0.54	0.806	0.487	0.516	0.636	0.71	0.492	0.573	0.566	0.645	0.569	0.647	0.489	0.4	0.547	0.431	0.319	0.608	0.7	0.503	0.499	0.646	0.507	0.506	0.482	0.544	0.489	0.534	0.792	0.321	0.792	1019232.0	1114684.251289
F_CD_37	0.358	0.575	0.412	0.389	0.789	0.504	0.417	0.546	0.797	0.43	0.608	0.465	0.623	0.592	0.543	0.453	0.345	0.593	0.382	0.377	0.43	0.671	0.474	0.47	0.625	0.552	0.529	0.378	0.504	0.4	0.468	0.736	0.266	0.78	988763.0	1133354.664589
F_CD_38	0.491	0.723	0.436	0.442	0.952	0.532	0.527	0.66	0.817	0.568	0.647	0.588	0.67	0.59	0.645	0.487	0.471	0.614	0.537	0.425	0.63	0.657	0.565	0.529	0.527	0.54	0.537	0.434	0.716	0.518	0.538	0.645	0.578	0.819	1298485.0	1439862.844446
F_CD_39	0.386	0.628	0.334	0.422	0.606	0.528	0.391	0.58	0.614	0.494	0.697	0.526	0.554	0.545	0.683	0.526	0.417	0.52	0.447	0.443	0.583	0.699	0.573	0.444	0.616	0.486	0.482	0.406	0.55	0.426	0.444	0.603	0.423	0.686	1036637.0	1307530.153229
F_CD_40	0.321	0.577	0.428	0.429	0.694	0.622	0.417	0.639	0.698	0.496	0.658	0.538	0.575	0.539	0.557	0.391	0.407	0.531	0.421	0.419	0.552	0.645	0.506	0.425	0.598	0.471	0.486	0.421	0.519	0.463	0.54	0.646	0.277	0.706	1081944.0	1417784.639614
F_HCC_01	0.338	0.766	0.524	0.445	0.759	0.586	0.452	0.764	0.723	0.525	0.587	0.521	0.585	0.657	0.804	0.513	0.454	0.561	0.488	0.446	0.638	0.654	0.58	0.495	0.584	0.62	0.707	0.445	0.541	0.604	0.635	0.623	0.519	0.866	1088312.0	1587770.647652
F_HCC_02	0.451	0.616	0.39	0.44	0.676	0.567	0.429	0.661	0.771	0.473	0.667	0.532	0.569	0.6	0.569	0.479	0.435	0.631	0.459	0.414	0.468	0.68	0.469	0.428	0.503	0.469	0.52	0.386	0.573	0.405	0.482	0.608	0.371	0.718	1197168.0	1539718.917702
F_HCC_03	0.363	0.676	0.482	0.478	0.601	0.579	0.465	0.697	0.829	0.577	0.738	0.587	0.518	0.568	0.641	0.575	0.412	0.511	0.533	0.428	0.589	0.726	0.543	0.502	0.694	0.481	0.524	0.467	0.576	0.481	0.513	0.555	0.375	0.699	1156524.0	1512233.704631
F_HCC_04	0.341	0.678	0.443	0.425	0.618	0.647	0.499	0.634	0.795	0.553	0.645	0.524	0.532	0.588	0.621	0.442	0.373	0.481	0.373	0.457	0.545	0.688	0.496	0.458	0.519	0.494	0.489	0.449	0.617	0.475	0.421	0.63	0.362	0.753	1096337.0	1596506.457817
F_HCC_05	0.351	0.538	0.504	0.426	0.887	0.545	0.45	0.702	0.641	0.548	0.65	0.52	0.626	0.539	0.618	0.495	0.396	0.604	0.422	0.343	0.509	0.617	0.558	0.521	0.606	0.496	0.492	0.485	0.564	0.449	0.768	0.614	0.225	0.894	874133.0	1261379.955885
F_HCC_06	0.3	0.601	0.426	0.403	0.778	0.601	0.421	0.578	0.76	0.476	0.582	0.541	0.588	0.548	0.441	0.521	0.382	0.451	0.429	0.451	0.463	0.703	0.523	0.433	0.428	0.469	0.51	0.352	0.473	0.422	0.525	0.627	0.401	0.687	1249429.0	1716335.641027
F_HCC_07	0.356	0.562	0.424	0.412	0.476	0.753	0.452	0.661	0.744	0.539	0.652	0.551	0.571	0.551	0.705	0.545	0.39	0.538	0.48	0.404	0.527	0.546	0.53	0.458	0.487	0.484	0.51	0.416	0.504	0.469	0.435	0.531	0.312	0.678	1045071.0	1518447.607231
F_HCC_08	0.478	0.582	0.424	0.411	0.6	0.542	0.428	0.627	0.714	0.508	0.568	0.536	0.528	0.604	0.579	0.465	0.396	0.519	0.441	0.404	0.51	0.458	0.506	0.457	0.505	0.474	0.499	0.391	0.536	0.479	0.532	0.563	0.395	0.664	1014739.0	1374898.594195
F_HCC_09	0.393	0.663	0.436	0.471	0.7	0.514	0.473	0.603	0.665	0.496	0.577	0.57	0.492	0.525	0.537	0.461	0.335	0.423	0.398	0.401	0.491	0.705	0.551	0.522	0.611	0.439	0.493	0.45	0.518	0.435	0.462	0.686	0.285	0.742	924944.0	1281363.398682
F_HCC_10	0.295	0.537	0.328	0.405	0.992	0.539	0.375	0.61	0.616	0.471	0.613	0.513	0.527	0.521	0.561	0.494	0.357	0.464	0.403	0.415	0.449	0.564	0.464	0.385	0.553	0.432	0.443	0.362	0.518	0.409	0.375	0.609	0.418	0.756	987641.0	1418696.806258
F_HCC_11	0.3	0.548	0.368	0.392	0.766	0.582	0.395	0.587	0.716	0.451	0.51	0.502	0.568	0.55	0.682	0.399	0.3	0.456	0.378	0.388	0.438	0.661	0.423	0.394	0.62	0.42	0.464	0.354	0.461	0.357	0.464	0.525	0.408	0.456	1072682.0	1466323.700698
F_HCC_12	0.331	0.709	0.502	0.494	0.626	0.662	0.5	0.662	0.716	0.464	0.592	0.526	0.506	0.627	0.652	0.517	0.456	0.548	0.428	0.477	0.646	0.762	0.512	0.508	0.459	0.527	0.538	0.469	0.606	0.514	0.44	0.811	0.369	0.788	1113734.0	1402512.263172
F_HCC_13	0.421	0.645	0.579	0.418	0.694	0.561	0.486	0.601	0.666	0.532	0.586	0.571	0.525	0.553	0.47	0.451	0.507	0.566	0.442	0.384	0.432	0.788	0.543	0.491	0.407	0.52	0.53	0.445	0.527	0.5	0.591	0.687	0.454	0.768	1016467.0	1528130.473391
F_HCC_14	0.412	0.591	0.434	0.432	0.769	0.59	0.464	0.598	0.781	0.502	0.724	0.605	0.57	0.543	0.679	0.518	0.4	0.476	0.398	0.374	0.538	0.65	0.515	0.441	0.579	0.47	0.54	0.423	0.594	0.476	0.608	0.584	0.342	0.656	1178111.0	1229524.295291
F_HCC_15	0.412	0.585	0.401	0.35	0.941	0.658	0.417	0.686	0.82	0.601	0.593	0.483	0.586	0.581	0.596	0.442	0.353	0.489	0.503	0.386	0.451	0.687	0.518	0.502	0.584	0.483	0.487	0.464	0.559	0.456	0.616	0.682	0.335	0.626	1192845.0	1693316.474299
F_HCC_16	0.293	0.637	0.351	0.434	0.697	0.612	0.429	0.56	0.613	0.477	0.632	0.536	0.572	0.557	0.695	0.514	0.342	0.567	0.416	0.421	0.503	0.554	0.438	0.465	0.641	0.502	0.526	0.4	0.518	0.411	0.5	0.582	0.379	0.754	834188.0	1162230.168564
F_HCC_18	0.319	0.687	0.393	0.413	0.683	0.459	0.397	0.564	0.758	0.494	0.589	0.548	0.583	0.495	0.686	0.489	0.379	0.492	0.391	0.408	0.464	0.68	0.457	0.446	0.529	0.506	0.489	0.417	0.482	0.47	0.628	0.576	0.341	0.589	977283.0	1428842.637768
F_HCC_19	0.427	0.62	0.412	0.439	0.622	0.651	0.421	0.573	0.705	0.53	0.62	0.532	0.523	0.489	0.63	0.454	0.367	0.536	0.467	0.467	0.528	0.473	0.515	0.475	0.709	0.458	0.441	0.405	0.464	0.43	0.418	0.821	0.356	0.734	953991.0	1292853.641947
F_HCC_20	0.337	0.384	0.472	0.364	0.658	0.648	0.464	0.604	0.718	0.545	0.539	0.487	0.567	0.516	0.822	0.58	0.405	0.489	0.439	0.465	0.514	0.452	0.537	0.453	0.428	0.517	0.488	0.47	0.526	0.453	0.593	0.542	0.302	0.667	1010143.0	1249802.500328
F_HCC_21	0.31	0.49	0.439	0.489	0.692	0.684	0.449	0.576	0.792	0.475	0.572	0.51	0.62	0.57	0.72	0.544	0.393	0.562	0.42	0.433	0.538	0.61	0.528	0.525	0.524	0.513	0.534	0.478	0.581	0.438	0.653	0.655	0.39	0.746	1093151.0	1265215.180947
F_HCC_22	0.335	0.619	0.481	0.487	0.744	0.577	0.432	0.693	0.751	0.468	0.695	0.522	0.675	0.601	0.749	0.535	0.423	0.598	0.54	0.437	0.538	0.68	0.484	0.494	0.815	0.613	0.547	0.438	0.554	0.475	0.56	0.833	0.361	0.764	984242.0	1018384.160098
F_HCC_23	0.328	0.642	0.404	0.378	0.769	0.564	0.443	0.598	0.816	0.524	0.561	0.551	0.514	0.501	0.509	0.504	0.426	0.585	0.363	0.378	0.529	0.714	0.452	0.419	0.607	0.411	0.466	0.412	0.468	0.428	0.591	0.731	0.303	0.693	1065579.0	1496461.159112
F_HCC_25	0.458	0.666	0.383	0.433	0.858	0.637	0.5	0.692	0.753	0.596	0.793	0.562	0.696	0.61	0.504	0.447	0.356	0.75	0.533	0.502	0.574	0.662	0.5	0.495	0.674	0.606	0.527	0.418	0.675	0.516	0.661	0.859	0.364	0.807	1071199.0	1538885.646242
F_HCC_26	0.413	0.457	0.396	0.403	0.662	0.626	0.438	0.675	0.764	0.55	0.529	0.469	0.592	0.503	0.659	0.471	0.352	0.592	0.341	0.396	0.556	0.621	0.446	0.449	0.424	0.547	0.539	0.418	0.552	0.473	0.484	0.623	0.345	0.738	957530.0	1220364.789682
F_HCC_27	0.326	0.673	0.44	0.481	0.715	0.6	0.466	0.632	0.83	0.575	0.626	0.56	0.547	0.517	0.746	0.469	0.397	0.582	0.405	0.418	0.573	0.702	0.524	0.466	0.441	0.473	0.472	0.397	0.524	0.486	0.522	0.582	0.285	0.63	1232872.0	1635763.853201
F_HCC_28	0.396	0.78	0.469	0.349	0.742	0.561	0.389	0.583	0.735	0.464	0.562	0.536	0.575	0.565	0.614	0.47	0.395	0.486	0.418	0.37	0.499	0.66	0.502	0.457	0.584	0.496	0.5	0.387	0.55	0.466	0.485	0.818	0.347	0.778	1149257.0	1638424.100891
F_HCC_29	0.378	0.574	0.453	0.471	0.795	0.479	0.441	0.621	0.728	0.458	0.586	0.555	0.559	0.51	0.622	0.417	0.396	0.509	0.423	0.438	0.504	0.675	0.459	0.445	0.527	0.458	0.458	0.452	0.514	0.458	0.611	0.442	0.475	0.708	1151120.0	1568761.123706
F_HCC_30	0.322	0.527	0.329	0.451	0.708	0.547	0.435	0.602	0.754	0.513	0.606	0.536	0.523	0.485	0.633	0.429	0.361	0.461	0.429	0.406	0.51	0.637	0.438	0.493	0.427	0.458	0.453	0.429	0.488	0.402	0.491	0.631	0.341	0.62	1016118.0	1345090.637507
F_HCC_31	0.39	0.645	0.45	0.437	0.775	0.527	0.418	0.606	0.661	0.463	0.574	0.549	0.573	0.543	0.629	0.549	0.358	0.414	0.404	0.411	0.491	0.655	0.506	0.474	0.544	0.442	0.444	0.375	0.466	0.43	0.471	0.625	0.275	0.712	957072.0	1315051.908459
F_HCC_32	0.318	0.47	0.375	0.383	0.733	0.555	0.418	0.649	0.634	0.436	0.661	0.553	0.597	0.561	0.677	0.523	0.353	0.517	0.431	0.478	0.509	0.53	0.493	0.486	0.441	0.448	0.481	0.427	0.463	0.412	0.487	0.627	0.322	0.64	1055110.0	1416861.974952
F_HCC_34	0.443	0.683	0.399	0.397	0.638	0.565	0.471	0.585	0.741	0.543	0.581	0.539	0.497	0.533	0.469	0.436	0.37	0.54	0.486	0.298	0.537	0.628	0.548	0.472	0.457	0.444	0.467	0.413	0.57	0.469	0.517	0.41	0.266	0.571	994141.0	1443640.475301
F_HCC_35	0.351	0.544	0.463	0.436	0.737	0.506	0.432	0.576	0.695	0.472	0.62	0.505	0.509	0.54	0.58	0.493	0.392	0.49	0.394	0.475	0.515	0.627	0.501	0.477	0.53	0.462	0.474	0.435	0.474	0.454	0.529	0.633	0.38	0.689	1117435.0	1405505.810365
F_HCC_36	0.457	0.556	0.447	0.503	0.856	0.507	0.428	0.676	0.667	0.566	0.525	0.526	0.465	0.536	0.516	0.533	0.389	0.468	0.408	0.41	0.528	0.748	0.494	0.472	0.658	0.424	0.498	0.431	0.555	0.459	0.353	0.687	0.372	0.705	1034002.0	1562916.991817
F_HCC_37	0.355	0.431	0.385	0.541	0.727	0.59	0.443	0.635	0.7	0.54	0.678	0.522	0.572	0.517	0.684	0.545	0.38	0.537	0.425	0.521	0.559	0.688	0.492	0.469	0.566	0.486	0.515	0.368	0.55	0.391	0.551	0.919	0.427	0.695	1185837.0	1627497.001725
F_HCC_38	0.363	0.75	0.497	0.446	0.727	0.539	0.504	0.629	0.726	0.507	0.627	0.607	0.619	0.535	0.68	0.556	0.365	0.505	0.485	0.42	0.605	0.732	0.547	0.56	0.676	0.521	0.531	0.45	0.597	0.495	0.666	0.728	0.419	0.837	1112859.0	1304808.160895
F_HCC_39	0.315	0.528	0.371	0.371	0.606	0.578	0.354	0.565	0.733	0.457	0.559	0.514	0.544	0.498	0.715	0.499	0.361	0.503	0.375	0.389	0.521	0.769	0.48	0.45	0.474	0.507	0.472	0.352	0.455	0.361	0.562	0.614	0.259	0.718	1034088.0	1415676.05335
F_HCC_40	0.391	0.584	0.442	0.475	0.512	0.59	0.476	0.6	0.848	0.499	0.598	0.557	0.589	0.608	0.701	0.534	0.421	0.658	0.375	0.415	0.553	0.565	0.518	0.497	0.505	0.571	0.49	0.416	0.578	0.467	0.51	0.596	0.302	0.694	1050174.0	1380925.879885
F_HCC_41	0.383	0.603	0.468	0.394	0.778	0.588	0.421	0.576	0.751	0.459	0.519	0.528	0.536	0.551	0.486	0.585	0.364	0.477	0.46	0.367	0.524	0.69	0.496	0.471	0.473	0.423	0.509	0.439	0.541	0.451	0.425	0.854	0.328	0.64	973588.0	1461607.917994
F_HCC_42	0.3	0.67	0.477	0.368	0.815	0.631	0.362	0.615	0.651	0.436	0.565	0.51	0.64	0.542	0.494	0.489	0.373	0.52	0.401	0.344	0.515	0.537	0.442	0.439	0.704	0.625	0.599	0.379	0.533	0.414	0.635	0.626	0.294	0.766	921101.0	1279381.557112
F_HCC_46	0.297	0.687	0.389	0.416	0.67	0.524	0.495	0.604	0.655	0.512	0.639	0.516	0.582	0.545	0.748	0.5	0.392	0.455	0.432	0.43	0.551	0.559	0.497	0.514	0.585	0.474	0.503	0.475	0.574	0.463	0.54	0.514	0.291	0.641	1060799.0	1547708.159287
F_HCC_47	0.373	0.672	0.515	0.536	0.957	0.538	0.534	0.675	0.755	0.579	0.673	0.622	0.764	0.618	0.687	0.464	0.461	0.652	0.511	0.441	0.61	0.746	0.583	0.465	0.75	0.578	0.606	0.443	0.585	0.451	0.865	0.899	0.42	0.821	1146715.0	1560830.41593
F_HCC_48	0.319	0.545	0.394	0.412	0.731	0.628	0.415	0.589	0.761	0.497	0.598	0.552	0.536	0.546	0.514	0.534	0.396	0.473	0.371	0.318	0.478	0.624	0.567	0.433	0.585	0.433	0.51	0.368	0.516	0.378	0.479	0.643	0.272	0.591	1153299.0	1595830.617509
F_HCC_49	0.334	0.657	0.456	0.413	0.722	0.53	0.437	0.578	0.708	0.511	0.635	0.551	0.599	0.546	0.535	0.506	0.378	0.472	0.459	0.508	0.534	0.725	0.534	0.441	0.612	0.54	0.552	0.397	0.541	0.497	0.54	0.544	0.335	0.712	1092345.0	1083533.775505
F_HCC_50	0.342	0.685	0.454	0.414	0.957	0.57	0.472	0.594	0.778	0.516	0.627	0.548	0.546	0.603	0.516	0.555	0.455	0.522	0.428	0.419	0.526	0.754	0.558	0.432	0.59	0.536	0.571	0.403	0.541	0.438	0.589	0.844	0.415	0.815	1319940.0	1755467.267071
F_HCC_51	0.293	0.727	0.434	0.455	0.63	0.528	0.411	0.652	0.688	0.532	0.624	0.509	0.523	0.551	0.602	0.602	0.386	0.523	0.45	0.424	0.565	0.719	0.508	0.444	0.593	0.517	0.512	0.416	0.556	0.466	0.395	0.857	0.384	0.769	908459.0	1208262.310678
F_HCC_52	0.379	0.621	0.445	0.535	0.69	0.514	0.42	0.543	0.689	0.466	0.584	0.587	0.528	0.518	0.565	0.471	0.37	0.404	0.349	0.442	0.503	0.578	0.499	0.453	0.687	0.496	0.501	0.371	0.506	0.446	0.395	0.656	0.346	0.659	1172264.0	1592707.841192
F_HCC_53	0.428	0.459	0.407	0.415	0.58	0.555	0.47	0.537	0.691	0.511	0.667	0.628	0.598	0.509	0.655	0.586	0.391	0.523	0.456	0.421	0.552	0.619	0.506	0.523	0.524	0.521	0.506	0.43	0.59	0.454	0.593	0.586	0.399	0.763	1151821.0	1684343.962513
F_HCC_54	0.313	0.617	0.452	0.505	0.765	0.491	0.459	0.586	0.688	0.476	0.5	0.601	0.601	0.499	0.634	0.539	0.387	0.454	0.462	0.351	0.49	0.55	0.528	0.496	0.558	0.53	0.492	0.396	0.583	0.441	0.515	0.61	0.337	0.661	916912.0	1247666.247603
F_HCC_55	0.401	0.796	0.382	0.542	0.756	0.549	0.447	0.606	0.684	0.51	0.645	0.536	0.515	0.564	0.691	0.465	0.338	0.488	0.451	0.466	0.556	0.649	0.544	0.464	0.607	0.46	0.456	0.458	0.514	0.421	0.516	0.621	0.383	0.649	1143572.0	1590326.795272
F_HCC_57	0.342	0.507	0.443	0.501	0.856	0.586	0.406	0.549	0.55	0.502	0.616	0.544	0.52	0.561	0.702	0.505	0.389	0.42	0.443	0.454	0.561	0.457	0.561	0.471	0.52	0.447	0.528	0.432	0.549	0.471	0.431	0.634	0.409	0.631	1021317.0	1229954.970846
F_HCC_60	0.347	0.765	0.38	0.415	0.759	0.525	0.379	0.55	0.714	0.498	0.626	0.52	0.566	0.505	0.833	0.526	0.415	0.576	0.419	0.467	0.508	0.671	0.497	0.431	0.542	0.457	0.448	0.383	0.528	0.399	0.457	0.708	0.395	0.803	1173249.0	1595182.598056
F_HCC_61	0.322	0.624	0.464	0.462	0.812	0.551	0.47	0.606	0.749	0.518	0.538	0.502	0.521	0.471	0.447	0.495	0.366	0.499	0.451	0.292	0.518	0.712	0.489	0.489	0.487	0.44	0.496	0.451	0.443	0.462	0.438	0.812	0.353	0.694	1209058.0	1739842.937941
F_HCC_62	0.375	0.512	0.42	0.4	0.733	0.579	0.428	0.636	0.691	0.489	0.674	0.579	0.48	0.483	0.688	0.376	0.421	0.566	0.383	0.444	0.438	0.62	0.503	0.453	0.663	0.424	0.465	0.388	0.573	0.479	0.464	0.553	0.427	0.633	1119911.0	1457772.726299
F_HCC_63	0.354	0.527	0.338	0.381	0.703	0.574	0.449	0.532	0.609	0.452	0.484	0.511	0.47	0.501	0.608	0.402	0.367	0.548	0.432	0.538	0.516	0.594	0.485	0.471	0.617	0.47	0.479	0.397	0.566	0.466	0.422	0.599	0.463	0.708	965918.0	1141246.643888
F_HCC_64	0.367	0.426	0.432	0.451	0.886	0.549	0.423	0.557	0.639	0.514	0.548	0.533	0.514	0.534	0.716	0.46	0.414	0.52	0.448	0.463	0.51	0.657	0.491	0.419	0.536	0.498	0.44	0.406	0.522	0.47	0.564	0.642	0.312	0.712	1021286.0	1320532.516555
F_HCC_65	0.377	0.626	0.379	0.395	0.695	0.54	0.395	0.601	0.741	0.55	0.59	0.512	0.513	0.523	0.619	0.388	0.449	0.522	0.366	0.394	0.519	0.589	0.461	0.439	0.505	0.425	0.452	0.366	0.536	0.377	0.404	0.486	0.462	0.739	1187988.0	1602456.315234
F_HCC_66	0.349	0.351	0.399	0.426	0.679	0.549	0.413	0.599	0.596	0.462	0.614	0.53	0.59	0.57	0.795	0.495	0.357	0.624	0.427	0.511	0.617	0.618	0.522	0.421	0.462	0.522	0.508	0.397	0.573	0.457	0.551	0.739	0.303	0.757	1048948.0	1204254.073443
F_HCC_67	0.437	0.789	0.512	0.534	0.86	0.664	0.493	0.58	0.707	0.54	0.612	0.575	0.563	0.572	0.651	0.526	0.454	0.578	0.451	0.413	0.489	0.563	0.561	0.477	0.591	0.548	0.559	0.462	0.607	0.489	0.572	0.624	0.285	0.666	1104787.0	1566716.600498
F_HCC_68	0.382	0.487	0.458	0.369	0.905	0.505	0.485	0.642	0.799	0.492	0.614	0.56	0.606	0.578	0.556	0.57	0.426	0.555	0.49	0.386	0.519	0.735	0.527	0.501	0.596	0.518	0.49	0.446	0.539	0.457	0.516	0.654	0.29	0.746	1479067.0	1882985.854063
F_HCC_69	0.37	0.501	0.359	0.369	0.649	0.663	0.446	0.629	0.764	0.556	0.615	0.565	0.662	0.541	0.757	0.419	0.452	0.508	0.415	0.425	0.56	0.661	0.475	0.478	0.516	0.477	0.448	0.404	0.513	0.462	0.508	0.72	0.383	0.826	954306.0	1298831.368432
F_HCC_70	0.385	0.546	0.39	0.387	0.837	0.595	0.444	0.672	0.764	0.554	0.714	0.519	0.675	0.62	0.679	0.507	0.388	0.526	0.408	0.428	0.606	0.688	0.486	0.452	0.452	0.517	0.555	0.432	0.64	0.543	0.544	0.742	0.366	0.749	1127086.0	1629624.527493
F_HCC_71	0.418	0.722	0.456	0.421	0.735	0.557	0.461	0.648	0.894	0.48	0.62	0.631	0.665	0.552	0.562	0.674	0.414	0.507	0.497	0.379	0.539	0.711	0.637	0.51	0.641	0.517	0.57	0.427	0.545	0.446	0.646	0.549	0.353	0.829	1036103.0	1388469.292346
F_HCC_72	0.398	0.584	0.398	0.438	0.523	0.638	0.429	0.639	0.767	0.501	0.586	0.611	0.619	0.578	0.723	0.502	0.467	0.548	0.471	0.414	0.509	0.623	0.487	0.49	0.608	0.492	0.513	0.404	0.568	0.419	0.417	0.613	0.319	0.663	1002314.0	1050427.493402
F_HCC_73	0.393	0.579	0.451	0.424	0.634	0.598	0.455	0.63	0.747	0.524	0.632	0.622	0.677	0.603	0.782	0.534	0.371	0.584	0.476	0.419	0.532	0.534	0.473	0.489	0.696	0.589	0.541	0.377	0.566	0.493	0.578	0.503	0.445	0.799	1075078.0	1331880.028369
F_HCC_74	0.354	0.416	0.384	0.426	0.724	0.573	0.432	0.574	0.69	0.453	0.608	0.526	0.494	0.499	0.607	0.449	0.424	0.417	0.423	0.467	0.52	0.58	0.481	0.447	0.486	0.418	0.433	0.381	0.479	0.449	0.352	0.524	0.336	0.765	954642.0	1249914.246752
F_HCC_75	0.287	0.744	0.395	0.417	0.723	0.608	0.398	0.525	0.658	0.47	0.555	0.529	0.535	0.489	0.589	0.557	0.3	0.421	0.326	0.435	0.518	0.596	0.515	0.438	0.508	0.405	0.502	0.377	0.543	0.426	0.475	0.872	0.277	0.638	1173202.0	1588514.563009
F_HCC_76	0.339	0.534	0.507	0.46	0.845	0.577	0.449	0.709	0.699	0.541	0.614	0.602	0.622	0.513	0.671	0.502	0.396	0.546	0.513	0.435	0.478	0.611	0.514	0.482	0.534	0.47	0.483	0.404	0.585	0.435	0.585	0.702	0.318	0.757	1154882.0	1508939.481512
F_HCC_77	0.328	0.517	0.438	0.436	1.03	0.507	0.427	0.594	0.72	0.47	0.601	0.52	0.513	0.527	0.604	0.487	0.347	0.495	0.43	0.379	0.508	0.683	0.466	0.459	0.433	0.458	0.445	0.405	0.512	0.505	0.434	0.532	0.344	0.65	1185461.0	1623903.950025
F_HCC_80	0.442	0.609	0.489	0.46	0.551	0.565	0.47	0.641	0.754	0.469	0.715	0.6	0.629	0.59	0.768	0.536	0.521	0.587	0.497	0.443	0.583	0.499	0.563	0.476	0.507	0.524	0.587	0.437	0.627	0.482	0.462	0.693	0.392	0.831	974179.0	1294781.241167
F_HCC_81	0.405	0.607	0.464	0.416	0.713	0.582	0.407	0.629	0.746	0.461	0.612	0.503	0.599	0.563	0.783	0.595	0.476	0.442	0.415	0.387	0.545	0.601	0.519	0.469	0.373	0.504	0.513	0.413	0.543	0.471	0.489	0.553	0.323	0.723	1089096.0	1618998.37212
F_HCC_82	0.359	0.588	0.439	0.433	0.818	0.628	0.493	0.728	0.775	0.565	0.709	0.544	0.644	0.591	0.549	0.563	0.436	0.54	0.471	0.447	0.668	0.573	0.52	0.489	0.666	0.542	0.578	0.517	0.569	0.511	0.626	0.76	0.302	0.637	1018796.0	1204284.690532
F_HCC_83	0.421	0.721	0.433	0.384	0.901	0.578	0.438	0.653	0.811	0.511	0.687	0.562	0.613	0.647	0.636	0.462	0.428	0.646	0.508	0.492	0.529	0.836	0.464	0.512	0.537	0.538	0.505	0.412	0.529	0.466	0.58	0.809	0.372	0.784	1201558.0	1659716.866945
F_HCC_84	0.38	0.511	0.436	0.403	0.665	0.51	0.434	0.604	0.679	0.543	0.648	0.585	0.581	0.542	0.61	0.572	0.346	0.457	0.435	0.352	0.525	0.629	0.548	0.516	0.557	0.459	0.46	0.472	0.523	0.461	0.324	0.592	0.356	0.621	1203203.0	1697692.982262
F_HCC_85	0.413	0.431	0.416	0.438	0.578	0.604	0.478	0.584	0.663	0.517	0.567	0.523	0.551	0.543	0.714	0.442	0.381	0.49	0.418	0.336	0.533	0.573	0.528	0.483	0.569	0.502	0.475	0.424	0.515	0.446	0.538	0.595	0.362	0.67	1007536.0	1336373.782086
F_HCC_87	0.44	0.642	0.411	0.458	0.777	0.516	0.484	0.623	0.751	0.44	0.576	0.51	0.522	0.536	0.602	0.57	0.432	0.474	0.41	0.501	0.559	0.637	0.516	0.474	0.567	0.487	0.526	0.388	0.597	0.523	0.598	0.622	0.376	0.705	1098535.0	1325788.001945
F_HCC_88	0.379	0.685	0.449	0.451	0.508	0.537	0.457	0.581	0.717	0.55	0.657	0.569	0.683	0.59	0.585	0.555	0.366	0.481	0.558	0.504	0.602	0.529	0.497	0.503	0.541	0.528	0.522	0.456	0.574	0.482	0.415	0.538	0.308	0.709	995541.0	1397567.828171
F_HCC_89	0.393	0.695	0.423	0.522	0.689	0.701	0.501	0.656	0.861	0.518	0.595	0.582	0.573	0.633	0.854	0.553	0.453	0.617	0.46	0.372	0.612	0.712	0.524	0.591	0.523	0.533	0.535	0.47	0.637	0.487	0.493	0.541	0.335	0.739	1099341.0	1597628.039951
F_HCC_90	0.33	0.669	0.379	0.411	0.623	0.617	0.432	0.624	0.633	0.423	0.631	0.545	0.609	0.503	0.644	0.437	0.334	0.498	0.498	0.413	0.595	0.58	0.537	0.41	0.6	0.452	0.478	0.385	0.522	0.454	0.451	0.672	0.332	0.669	1150877.0	1431125.875977
F_HCC_91	0.347	0.614	0.388	0.463	0.684	0.605	0.459	0.634	0.782	0.593	0.681	0.642	0.643	0.583	0.617	0.518	0.323	0.571	0.469	0.392	0.613	0.787	0.518	0.509	0.574	0.469	0.529	0.43	0.533	0.428	0.551	0.723	0.31	0.705	1101261.0	1420047.577058
F_HCC_92	0.373	0.619	0.446	0.335	0.627	0.593	0.453	0.6	0.697	0.533	0.536	0.552	0.472	0.497	0.806	0.53	0.395	0.428	0.451	0.372	0.551	0.699	0.51	0.441	0.423	0.425	0.493	0.367	0.559	0.429	0.532	0.755	0.43	0.84	1061978.0	1530096.23941
F_HCC_93	0.385	0.694	0.43	0.443	0.579	0.521	0.446	0.59	0.779	0.511	0.557	0.533	0.64	0.566	0.553	0.529	0.346	0.491	0.407	0.387	0.458	0.645	0.506	0.487	0.683	0.486	0.513	0.367	0.521	0.453	0.593	0.668	0.344	0.64	1029125.0	1232175.404642
F_HCC_94	0.336	0.536	0.48	0.404	0.598	0.495	0.429	0.569	0.618	0.501	0.664	0.498	0.519	0.481	0.702	0.432	0.326	0.431	0.373	0.451	0.532	0.424	0.537	0.473	0.479	0.463	0.459	0.416	0.474	0.435	0.438	0.584	0.324	0.587	956310.0	1163270.764353
F_HCC_95	0.369	0.437	0.351	0.371	0.847	0.521	0.406	0.595	0.723	0.438	0.607	0.518	0.598	0.499	0.582	0.509	0.36	0.517	0.513	0.4	0.556	0.498	0.52	0.517	0.629	0.506	0.467	0.403	0.559	0.476	0.585	0.644	0.312	0.729	991837.0	1054121.674247
F_HCC_96	0.407	0.786	0.389	0.435	0.731	0.562	0.457	0.56	0.726	0.49	0.603	0.486	0.594	0.567	0.797	0.496	0.442	0.468	0.485	0.481	0.592	0.783	0.536	0.459	0.72	0.544	0.487	0.461	0.504	0.439	0.557	0.639	0.38	0.749	935888.0	1190421.900669
F_HCC_97	0.339	0.439	0.392	0.368	0.567	0.553	0.472	0.642	0.716	0.423	0.633	0.555	0.619	0.549	0.728	0.403	0.403	0.572	0.434	0.445	0.58	0.578	0.567	0.399	0.558	0.525	0.497	0.412	0.478	0.423	0.479	0.5	0.271	0.678	1106891.0	1389880.225326
F_HCC_98	0.356	0.488	0.472	0.377	0.831	0.58	0.419	0.611	0.727	0.491	0.584	0.509	0.593	0.511	0.658	0.526	0.485	0.567	0.468	0.371	0.546	0.588	0.498	0.461	0.532	0.494	0.514	0.441	0.575	0.479	0.707	0.772	0.378	0.735	910201.0	924217.929061
F_HCC_99	0.362	0.686	0.477	0.412	0.769	0.533	0.508	0.577	0.725	0.529	0.618	0.549	0.579	0.542	0.682	0.51	0.444	0.507	0.401	0.476	0.476	0.75	0.589	0.522	0.54	0.456	0.498	0.417	0.579	0.457	0.322	0.657	0.398	0.689	1084405.0	1338856.820847
F_HCC_100	0.343	0.716	0.429	0.382	0.782	0.529	0.476	0.565	0.633	0.477	0.567	0.509	0.553	0.521	0.74	0.573	0.468	0.551	0.396	0.473	0.662	0.678	0.523	0.487	0.638	0.537	0.533	0.47	0.622	0.483	0.566	0.739	0.309	0.723	1025443.0	1114639.773849
F_HCC_101	0.366	0.64	0.704	0.405	0.878	0.508	0.428	0.538	0.521	0.489	0.692	0.48	0.481	0.544	0.679	0.496	0.467	0.466	0.395	0.354	0.434	0.602	0.561	0.412	0.568	0.432	0.53	0.388	0.522	0.445	0.379	0.406	0.39	0.612	1014529.0	1198426.531083
F_HCC_102	0.374	0.559	0.4	0.432	0.724	0.578	0.426	0.553	0.67	0.486	0.577	0.523	0.58	0.542	0.723	0.476	0.437	0.514	0.472	0.489	0.611	0.569	0.505	0.466	0.414	0.473	0.499	0.443	0.527	0.441	0.458	0.471	0.373	0.693	1024243.0	1422778.52718
F_HCC_103	0.331	0.514	0.449	0.371	0.777	0.595	0.456	0.631	0.775	0.493	0.546	0.541	0.538	0.507	0.764	0.439	0.396	0.543	0.421	0.446	0.546	0.576	0.534	0.424	0.519	0.478	0.451	0.445	0.536	0.424	0.441	0.692	0.405	0.743	1137332.0	1206118.51598
F_HCC_104	0.449	0.378	0.442	0.392	0.784	0.525	0.462	0.609	0.597	0.451	0.593	0.533	0.505	0.531	0.567	0.458	0.353	0.522	0.417	0.364	0.459	0.503	0.564	0.423	0.55	0.469	0.55	0.412	0.573	0.479	0.417	0.649	0.379	0.744	942434.0	1229047.702154
F_HCC_105	0.319	0.763	0.416	0.414	0.463	0.57	0.406	0.571	0.831	0.444	0.583	0.494	0.527	0.491	0.695	0.567	0.306	0.495	0.401	0.501	0.492	0.662	0.591	0.393	0.485	0.459	0.506	0.375	0.489	0.381	0.443	0.597	0.307	0.69	1053895.0	1396256.125016
F_HCC_106	0.344	0.733	0.375	0.398	0.783	0.51	0.416	0.556	0.658	0.455	0.54	0.575	0.454	0.443	0.742	0.498	0.338	0.439	0.345	0.449	0.514	0.727	0.47	0.425	0.47	0.441	0.472	0.399	0.499	0.409	0.506	0.345	0.237	0.681	989411.0	1058253.152321
F_HCC_107	0.385	0.519	0.428	0.424	0.624	0.589	0.454	0.529	0.649	0.422	0.585	0.617	0.548	0.565	0.726	0.51	0.456	0.527	0.416	0.416	0.581	0.634	0.503	0.458	0.428	0.415	0.476	0.452	0.486	0.459	0.472	0.511	0.421	0.699	1166330.0	1194032.923457
F_HCC_108	0.345	0.688	0.412	0.445	0.927	0.55	0.39	0.615	0.758	0.58	0.652	0.534	0.537	0.54	0.592	0.466	0.366	0.528	0.486	0.379	0.534	0.623	0.473	0.472	0.661	0.449	0.476	0.408	0.538	0.412	0.577	0.701	0.346	0.687	1042941.0	1370740.666474
F_HCC_109	0.357	0.624	0.419	0.453	0.845	0.579	0.438	0.656	0.638	0.524	0.699	0.59	0.613	0.541	0.87	0.484	0.423	0.565	0.444	0.463	0.424	0.546	0.577	0.516	0.751	0.513	0.528	0.398	0.565	0.46	0.616	0.748	0.214	0.801	933892.0	1183255.731423
F_HCC_110	0.43	0.563	0.581	0.384	0.817	0.534	0.441	0.627	0.548	0.493	0.743	0.54	0.545	0.529	0.717	0.4	0.491	0.584	0.422	0.375	0.454	0.509	0.503	0.459	0.84	0.492	0.505	0.368	0.55	0.447	0.56	0.712	0.317	0.618	781546.0	1009217.992357
F_HCC_111	0.332	0.679	0.371	0.417	0.691	0.592	0.423	0.668	0.695	0.487	0.609	0.533	0.553	0.504	0.723	0.474	0.383	0.59	0.414	0.456	0.521	0.524	0.441	0.466	0.65	0.511	0.564	0.384	0.563	0.398	0.477	0.843	0.285	0.85	959703.0	1353300.919421
